5768.619,0.0004402896,47.97115,1,4,-1.179124,0
5765.83,0.001120548,47.99002,1,4,-0.326221,0
5765.875,0.001801047,48.0057,1,4,-1.161192,0
5772.131,0.002481767,48.02142,1,4,-0.6961926,0
5766.44,0.003162724,48.03817,1,4,0.6841564,0
5778.772,0.00384391,48.05458,1,4,-0.1362385,0
5770.582,0.004525343,48.07258,1,4,-0.3228951,0
5772.345,0.005206987,48.08396,1,4,0.278748,0
5772.666,0.005888778,48.09563,1,4,0.4328642,0
5779.431,0.006570734,48.10767,1,4,0.7326183,0
5784.646,0.007252858,48.12293,1,4,0.8201081,0
5791.959,0.007935195,48.14062,1,4,0.5544207,0
5786.071,0.00861777,48.16048,1,4,0.3283149,0
5786.038,0.009300599,48.17526,1,4,0.3367294,0
5784.633,0.009983614,48.18795,1,4,0.6336034,0
5788.318,0.01066681,48.2007,1,4,0.4420501,0
5788.304,0.01100848,48.20727,1,4,0.7681332,0
5798.867,0.0120338,48.23083,1,4,0.252215,0
5794.246,0.01271765,48.24753,1,4,0.1433198,0
5795.246,0.01340171,48.25998,1,4,0.2211222,0
5795.182,0.0137438,48.266,1,4,0.237429,0
5797.332,0.01477035,48.28411,1,4,0.1135144,0
5798.993,0.01511261,48.29025,1,4,-0.06419234,0
5800.906,0.01613968,48.30854,1,4,-0.6502637,0
5806.815,0.01682462,48.32113,1,4,-1.213978,0
5810.365,0.01750977,48.33621,1,4,-2.059124,0
5810.022,0.01819513,48.35056,1,4,-1.567444,0
5808.254,0.0188807,48.36369,1,4,-2.055329,0
5820.323,0.01956645,48.3762,1,4,-3.170175,0
5813.339,0.02025242,48.39312,1,4,-2.765324,0
5815.936,0.02093861,48.40611,1,4,-2.542096,0
5814.909,0.02162498,48.41891,1,4,-2.33477,0
5820.303,0.02231153,48.43209,1,4,-1.976295,0
5820.355,0.02299828,48.44613,1,4,-2.016891,0
5821.041,0.02368522,48.45923,1,4,-1.47538,0
5822.401,0.02437234,48.47191,1,4,-1.146401,0
5824.476,0.02505965,48.48476,1,4,-0.608669,0
5826.966,0.02574714,48.49838,1,4,-0.2074038,0
5829.269,0.02643481,48.51242,1,4,0.1515613,0
5828.459,0.02677873,48.51948,1,4,0.3858403,0
5830.024,0.02781077,48.53856,1,4,0.9809283,0
5831.581,0.02849902,48.55086,1,4,1.121634,0
5830.239,0.02918743,48.56134,1,4,1.072093,0
5832.563,0.029876,48.57162,1,4,1.41924,0
5835.558,0.03056472,48.58295,1,4,0.8969835,0
5836.931,0.03125361,48.59472,1,4,0.6936057,0
5839.208,0.03194267,48.60635,1,4,0.3491188,0
5839.209,0.03263189,48.61762,1,4,0.2725394,0
5842.75,0.03332125,48.62793,1,4,0.3084347,0
5848.651,0.03401078,48.63998,1,4,-0.03539908,0
5851.542,0.03470049,48.65398,1,4,0.3268243,0
5853.927,0.0353904,48.66917,1,4,0.4823947,0
5854.602,0.03608052,48.68532,1,4,0.5847522,0
5854.252,0.03677088,48.70369,1,4,0.8669643,0
5848.034,0.03746147,48.71804,1,4,0.6568954,0
5850.195,0.03815221,48.72583,1,4,0.8626323,0
5849.688,0.03884307,48.73535,1,4,0.683813,0
5850.646,0.03953406,48.74507,1,4,0.3352102,0
5853.252,0.04022519,48.75433,1,4,0.1217938,0
5856.153,0.04091646,48.76451,1,4,0.03637612,0
5859.334,0.04160788,48.77541,1,4,-0.06292343,0
5861.619,0.04229946,48.7874,1,4,-0.04785888,0
5862.589,0.04299121,48.79928,1,4,-0.1721607,0
5862.486,0.04368313,48.81042,1,4,-0.22628,0
5864.406,0.04437521,48.82121,1,4,-0.1193841,0
5864.613,0.04506743,48.83165,1,4,-0.3524106,0
5869.207,0.04575979,48.84184,1,4,-0.2055617,0
5873.325,0.04645232,48.85477,1,4,-0.5860842,0
5871.452,0.04714505,48.8693,1,4,-0.8123538,0
5870.229,0.04783796,48.88072,1,4,-0.6619325,0
5871.163,0.04853103,48.89085,0.9446639,4,-1.066237,0
5868.648,0.04922424,48.9006,0.8260869,4,-1.417514,0
5864.414,0.04991757,48.90345,0.679842,4,-1.503837,0.008313634
5850.892,0.0506108,48.88299,0.4822135,4,-1.594057,0.4025443
5792.614,0.05130266,48.67821,0.3003953,4,-0.8015416,0.9041919
5709.152,0.05199027,48.30194,0.1027668,4,-0.7768492,0.904192
5614.788,0.05267205,47.87357,0,4,-0.3790956,1
5458.034,0.0533479,47.46194,0,4,-0.1806949,-8.940697E-08
5589.995,0.0540185,47.15937,0,4,-1.23262,1
5329.88,0.05468528,46.87264,0,4,-0.485895,1
5295.982,0.05534738,46.50735,0,4,-0.2680516,-8.940697E-08
5478.111,0.056004,46.11813,0,4,-1.496716,1
5309.168,0.0566551,45.71392,0,4,-0.9998621,1
5310.952,0.05730007,45.25168,0,4,-0.6558287,1
5201.344,0.0579383,44.77041,0.05555556,4,-0.3441178,-8.940697E-08
5188.709,0.05857072,44.5155,0.1888889,4,-0.8381292,1
5349.619,0.05919969,44.16214,0.3222222,4,-0.347112,0.904192
5491.454,0.05982276,43.71973,0.4555555,4,-0.2426264,0.904192
5695.763,0.06043938,43.25808,0.5888891,4,-0.6226821,0
5896.397,0.06105044,43.00852,0.5,4,-1.981395,0.904192
6010.125,0.06165842,42.71238,0.3666666,4,-0.3873554,0.904192
6050.035,0.06226142,42.33617,0.2333333,4,-0.7710133,0
6052.927,0.06285936,42.0666,0.09999997,4,-1.82059,0.904192
6102.569,0.06345367,41.71992,0,4,-0.6448707,0.904192
6314.807,0.06433401,41.0535,0,4,-0.6193414,0.904192
6388.42,0.0652007,40.54034,0,4,-2.337769,1
6254.539,0.06577326,40.17758,0,4,-0.7056901,1
6163.465,0.06634026,39.76954,0,4,-0.9287885,-8.940697E-08
6304.853,0.06690168,39.45798,0,4,-2.339399,1
6122.067,0.06745889,39.10466,0,4,-0.7425405,1
6003.669,0.06801055,38.70024,0,4,-0.7341501,1
5949.226,0.06855622,38.30222,0,4,-0.8789905,0
6068.962,0.06909746,38.03649,0,4,-0.4332631,1
5788.512,0.06963394,37.65896,0,4,-0.3559183,1
5796.791,0.07016484,37.26628,0,4,-1.437118,0
5920.878,0.07069121,36.98461,0,4,-0.9363759,1
5671.148,0.07121247,36.58244,0,4,-0.6812994,1
5639.478,0.07172783,36.14598,0,4,-0.8169893,-8.940697E-08
5714.26,0.07223772,35.86519,0,4,-2.285655,1
5547.493,0.07274373,35.51701,0,4,-0.6108515,1
5425.411,0.07324418,35.10773,0,4,-0.6464814,-8.940697E-08
5562.755,0.07373934,34.84599,0,4,-1.685814,1
5416.985,0.07423078,34.48314,0,4,-0.3477668,1
5305.564,0.07471651,34.0565,0,4,-0.6688687,-8.940697E-08
5413.33,0.07519685,33.8146,0,4,-1.821086,1
5253.831,0.07567371,33.46191,0,4,-0.4268774,1
5150.957,0.07614504,33.04439,0,4,-0.6744692,-8.940697E-08
5246.857,0.07661109,32.79311,0,4,-1.669659,0.8175012
5220.205,0.07707381,32.48011,0.1222222,4,-0.3770241,0.7390602
5282.687,0.07753158,32.12565,0.2555556,4,-0.6686236,0.4931706
5424.077,0.07798433,31.78446,0.3888889,4,-0.9013847,0.2675965
5598.795,0.07843318,31.5892,0.5222223,4,-0.9565518,0.1596364
5818.896,0.07888015,31.49758,0.6,4,-1.133161,0.1294696
6020.863,0.07932595,31.41997,0.6,4,-1.060155,0.21786
6112.426,0.0795484,31.36505,0.6,4,-1.250877,0.2675966
6357.349,0.08021263,31.12293,0.6,4,-1.753317,0.3283459
6534.729,0.08065239,30.94849,0.6,4,-1.315312,0.2675966
6797.254,0.08108965,30.76137,0.6,4,-1.448524,0.2414859
6943.069,0.08152401,30.54112,0.4777777,4,-1.626296,0.3283458
6909.796,0.08195519,30.31443,0.3444444,4,-1.353997,0.4931707
6757.219,0.08238301,30.05557,0.2111111,4,-1.35399,1
6630.026,0.0828061,29.64738,0.07777769,4,-0.7552425,1
6555.334,0.08301536,29.42294,0.01111085,4,-0.6492316,1
6381.868,0.08342905,28.96948,0,4,-0.4526722,1
6244.458,0.08383632,28.52217,0,4,-0.6002821,0.8175012
6190.823,0.08423736,28.10482,0,4,-0.8126774,0.4931706
6245.493,0.0848294,27.65746,0,4,-1.646968,0.4025444
6211.733,0.08521946,27.43071,0,4,-1.85929,0.6038617
6114.843,0.08560591,27.12883,0,4,-1.269338,1
5968.854,0.08598719,26.71514,0,4,-1.134467,1
5881.24,0.08636238,26.35002,0,4,-2.051388,0
5954.636,0.08673472,26.20971,0,4,-1.168596,0.2964541
5938.704,0.08710434,26.06421,0.146245,4,-1.460536,0.006876938
5952.654,0.08747292,26.0433,0.4268774,4,-1.775499,0
5998.433,0.0878414,26.06036,0.6205535,4,-1.906041,0
5982.877,0.08821042,26.12435,0.7549405,4,-1.792349,0
5975.159,0.08858034,26.19948,0.8379445,4,-1.569858,0
6001.643,0.08895122,26.2679,0.9367588,4,-1.559193,0
6023.835,0.08932304,26.34068,0.980237,4,-1.762344,0
6033.922,0.08969626,26.41916,0.9841897,4,-1.753262,0
6049.638,0.0900704,26.49381,0.9090908,4,-1.802606,0
6063.799,0.09044538,26.56411,0.8418972,4,-2.189361,0
6072.548,0.09082062,26.63117,0.7944663,4,-2.518363,0
6089.437,0.09119614,26.69254,0.7865613,4,-2.912321,0
6108.859,0.09157233,26.75134,0.7865613,4,-3.327583,0
6119.072,0.09194902,26.81087,0.7549408,4,-3.652498,0
6118.415,0.09232564,26.86729,0.6877471,4,-3.783358,0
6117.588,0.09270276,26.91248,0.5731224,4,-4.087112,0
6122.744,0.09308023,26.94214,0.5019763,4,-4.339323,0
6130.288,0.09345731,26.95984,0.4505928,4,-4.521573,0
6133.609,0.09383425,26.97065,0.3952569,4,-4.648639,0
6126,0.0942111,26.97452,0.3122529,4,-4.865205,0
6123.031,0.09458753,26.96571,0.2766798,4,-4.726324,0
6124.097,0.0949633,26.9493,0.2569169,4,-5.122558,0
6120.926,0.09533863,26.93331,0.2569169,4,-5.433963,0
6117.566,0.09571356,26.91857,0.2569169,4,-5.597339,0
6108.168,0.09608778,26.90291,0.1976284,4,-5.834122,0
6088.815,0.09646154,26.87999,0.1343873,4,-6.264553,0
6086.752,0.09683476,26.84464,0.1067193,4,-6.641193,0
6091.174,0.09720718,26.80558,0.1304348,4,-6.730931,0
6090.808,0.09757884,26.77297,0.1818182,4,-6.914304,0
6087.982,0.09794998,26.75031,0.2490118,4,-6.995547,0
6091.464,0.09813542,26.74234,0.2964426,4,-7.139516,0
6106.106,0.09869125,26.73838,0.4387352,4,-6.722088,0
6121.823,0.09906168,26.75461,0.5691699,4,-6.602983,0
6144.264,0.09943233,26.79142,0.7075099,4,-6.498586,0
6144.384,0.09980356,26.84983,0.7707509,4,-5.993314,0
6135.445,0.1001754,26.91214,0.7035573,4,-5.822217,0
6134.14,0.100548,26.9614,0.6007906,4,-5.830138,0
6130.876,0.1009209,26.99319,0.4940711,4,-5.646074,0
6127.474,0.101294,27.00666,0.3517787,4,-6.024227,0
6124.294,0.1016669,27.00316,0.2806324,4,-6.287109,0
6125.718,0.1020396,26.98789,0.2252964,4,-6.538971,0
6125.054,0.1024119,26.96756,0.2094861,4,-6.863702,0
6125.437,0.1027838,26.94491,0.2094861,4,-7.27612,0
6136.94,0.1031553,26.92429,0.3122529,4,-7.163799,0
6145.909,0.1035264,26.91678,0.3952569,4,-7.538217,0
6148.405,0.1038976,26.92682,0.4743083,4,-7.634991,0
6152.2,0.1042688,26.94955,0.5731226,4,-7.331268,0
6167.432,0.1046402,26.98136,0.6600789,4,-7.111927,0
6179.405,0.1050122,27.02561,0.7193677,4,-7.416767,0
6188.667,0.1053846,27.07737,0.7351779,4,-7.133638,0
6199.879,0.1057577,27.12887,0.7351779,4,-7.087379,0
6212.294,0.1061313,27.17837,0.7351779,4,-7.474224,0
6217.718,0.1065055,27.22806,0.7035574,4,-8.075664,0
6224.73,0.1068802,27.27405,0.6640316,4,-8.227593,0
6221.663,0.1072555,27.31277,0.5296442,4,-8.377443,0
6209.447,0.1076311,27.33719,0.4110672,4,-8.331527,0
6206.891,0.1080067,27.34018,0.347826,4,-8.130153,0
6205.58,0.1083821,27.32855,0.2648222,4,-7.916712,0
6205.607,0.1087579,27.31109,0.2885376,4,-7.791346,0
6217.174,0.1091335,27.29667,0.3280632,4,-7.552531,0
6217.918,0.1095089,27.29342,0.3557312,4,-7.683789,0
6216.397,0.1098839,27.29634,0.3833992,4,-7.791315,0
6228.692,0.1102585,27.30068,0.4584981,4,-7.681856,0
6240.97,0.1106331,27.31363,0.513834,4,-8.12881,0
6242.237,0.1110079,27.33816,0.5454544,4,-8.170431,0
6239.696,0.1113819,27.36627,0.5533596,4,-7.880095,0
6244.423,0.1117562,27.39203,0.5652175,4,-7.794334,0
6256.85,0.1121307,27.41802,0.6166008,4,-7.798151,0
6277.773,0.1125051,27.45202,0.70751,4,-7.871293,0
6285.966,0.1128796,27.4989,0.7549406,4,-7.552914,0
6287.566,0.1132546,27.55062,0.7549407,4,-7.141985,0
6296.253,0.1136302,27.59786,0.7351778,4,-7.173593,0
6303.357,0.1140057,27.6429,0.70751,4,-7.675841,0
6310.289,0.1143817,27.68427,0.6363636,4,-7.798354,0
6313.15,0.1145699,27.70225,0.6166008,4,-7.777356,0
6315.563,0.1151345,27.73994,0.4980236,4,-7.991584,0
6313.626,0.1155109,27.75195,0.4466403,4,-8.249723,0
6312.875,0.1158873,27.75555,0.3952568,4,-7.977662,0
6309.629,0.1162636,27.75409,0.3636363,4,-8.513021,0
6308.444,0.1166395,27.74807,0.3517786,4,-8.133623,0
6311.347,0.1170152,27.74007,0.3478261,4,-8.23611,0
6313.195,0.1173909,27.7334,0.3478261,4,-8.178394,0
6314.413,0.1177661,27.7273,0.3754941,4,-8.197644,0
6319.489,0.1181413,27.72375,0.4150198,4,-8.091326,0
6322.656,0.1183288,27.7248,0.4505928,4,-8.110479,0
6330.438,0.1187039,27.73458,0.5059288,4,-8.03494,0
6334.683,0.1192668,27.76477,0.56917,4,-8.266403,0
6343.295,0.1196424,27.7898,0.6086955,4,-8.039845,0
6351.14,0.1198303,27.80349,0.6403164,4,-8.089135,0
6363.764,0.1202064,27.83612,0.6996047,4,-8.260242,0
6371.828,0.120583,27.87663,0.7351778,4,-8.003049,0
6379.129,0.1211489,27.94238,0.743083,4,-7.660824,0
6387.962,0.121527,27.98422,0.7549405,4,-8.316837,0
6400.658,0.1219056,28.02686,0.7865612,4,-8.183788,0
6407.974,0.122095,28.0489,0.7984188,4,-8.089706,0
6425.146,0.1224745,28.09446,0.86166,4,-8.004475,0
6437.342,0.1230451,28.17014,0.8774704,4,-8.270055,0
6444.703,0.1234263,28.22009,0.8774704,4,-8.279922,0
6457.044,0.1238082,28.26842,0.8774704,4,-8.65861,0
6463.337,0.1239996,28.29189,0.8774704,4,-8.840391,0
6472.948,0.1243826,28.33957,0.8458496,4,-8.541999,0
6480.37,0.1247662,28.38522,0.8300394,4,-8.84763,0
6494.605,0.125343,28.44826,0.8023714,4,-8.834242,0
6488.963,0.1257283,28.48784,0.7509882,4,-8.873073,0
6437.477,0.1261139,28.48685,0.6798418,4,-9.002976,0
6439.608,0.126499,28.44821,0.6442688,4,-9.01671,0
6415.543,0.1268833,28.39528,0.6324111,4,-9.112357,0
6431.113,0.1272667,28.32523,0.624506,4,-9.472899,0
6419.559,0.127649,28.2651,0.6245059,4,-9.662701,0
6394.653,0.1280293,28.2124,0.6245059,4,-9.718039,0
6383.34,0.1284088,28.15394,0.6245059,4,-9.466279,0
6374.178,0.1287875,28.0926,0.6245059,4,-9.949095,0
6483.943,0.1291646,28.04593,0.6245059,4,-10.13747,0
6449.956,0.1295412,28.07649,0.6245059,4,-9.272421,0
6393.826,0.1299184,28.12837,0.6482213,4,-8.442463,0
6422.744,0.1302959,28.15155,0.6956522,4,-8.061856,0
6450.493,0.1306729,28.17683,0.7509881,4,-8.969678,0
6450.404,0.1308616,28.19715,0.7588931,4,-9.079167,0
6457.934,0.1314286,28.26328,0.7826086,4,-8.234621,0
6473.224,0.1318065,28.30097,0.7826087,4,-8.807916,0
6471.378,0.1321848,28.34014,0.7391303,4,-8.863217,0
6471.595,0.1325637,28.37621,0.7035574,4,-8.936541,0
6424.858,0.1329425,28.36768,0.6679842,4,-9.31412,0
6459.578,0.1333207,28.34608,0.6324109,4,-9.316722,0
6422.751,0.1336989,28.3525,0.6126481,4,-9.345397,0
6449.588,0.134077,28.34072,0.5928853,4,-9.54762,0
6428.803,0.1344545,28.31389,0.5810277,4,-9.896781,0
6429.45,0.1348316,28.28752,0.56917,4,-9.526439,0
6443.903,0.1352083,28.2593,0.5454544,4,-9.473407,0
6414.612,0.1355846,28.2309,0.5177865,4,-10.46663,0
6459.192,0.1359605,28.21506,0.4980237,4,-9.681293,0
6376.924,0.1363364,28.22663,0.4545454,4,-9.811375,0
6136.189,0.1367127,28.27197,0.4150198,4,-10.19114,0
5710.844,0.1370899,28.35677,0.3636363,4,-10.03497,0
5074.161,0.1374685,28.49088,0.3241107,4,-9.603254,0
4473.74,0.1378492,28.64988,0.2845849,4,-9.342058,0
4597.966,0.1382313,28.64151,0.2490118,4,-11.3561,0
4579.089,0.1386129,28.62658,0.229249,4,-11.84496,0
4553.378,0.1389945,28.6228,0.2094861,4,-12.14981,0
4577.935,0.1393763,28.60093,0.2055336,4,-12.37048,0
4567.789,0.1397579,28.58779,0.2055336,4,-12.01131,0
4568.652,0.1401394,28.57409,0.229249,4,-11.87627,0
4573.203,0.1403301,28.56732,0.2490118,4,-12.13017,0
4570.354,0.1407119,28.56011,0.2727272,4,-12.27177,0
4568.415,0.1410937,28.55559,0.2766798,4,-12.105,0
4567.683,0.1414756,28.5507,0.2766798,4,-11.89734,0
4568.208,0.1420491,28.54445,0.2845849,4,-11.68444,0
4579.854,0.1424316,28.54362,0.3675889,4,-12.05679,0
4595.331,0.1428143,28.55559,0.4703557,4,-11.50887,0
4609.288,0.1431982,28.58416,0.5533595,4,-11.5137,0
4620.256,0.1435828,28.62731,0.6403162,4,-10.95303,0
4630.817,0.1439682,28.68151,0.7193674,4,-10.28961,0
4640.055,0.1443544,28.74465,0.7984188,4,-10.57946,0
4651.787,0.1447413,28.81406,0.8379445,4,-10.22733,0
4662.67,0.1451293,28.88735,0.8498023,4,-10.21161,0
4672.602,0.1455183,28.96108,0.8537549,4,-9.754324,0
4681.984,0.1459074,29.03455,0.8537549,4,-10.18213,0
4691.456,0.1462976,29.10933,0.8537549,4,-9.649879,0
4702.34,0.146689,29.18269,0.8537549,4,-9.697066,0
4710.737,0.1470807,29.25798,0.8537549,4,-9.631751,0
4714.55,0.147277,29.29462,0.8537549,4,-9.665521,0
4721.364,0.1476702,29.36746,0.7667984,4,-9.782911,0
4723.412,0.1480645,29.43358,0.6837946,4,-9.601497,0
4724.917,0.1484592,29.48965,0.6086956,4,-9.502203,0
4726.109,0.1488546,29.5348,0.5256916,4,-10.45615,0
4734.034,0.1492507,29.56987,0.4940711,4,-10.59065,0
4738.743,0.1498452,29.6136,0.4387351,4,-10.27677,0
4740.504,0.1502421,29.63503,0.4110672,4,-10.58258,0
4741.434,0.1506394,29.65165,0.3833992,4,-10.07504,0
4741.437,0.1510368,29.66492,0.3596837,4,-10.44724,0
4742.126,0.1512355,29.6698,0.3241106,4,-10.92594,0
4745.213,0.1516333,29.67627,0.3201581,4,-11.06051,0
4751.237,0.1522303,29.67954,0.2924901,4,-12.27103,0
4753.761,0.1526284,29.67789,0.2885375,4,-11.8656,0
4749.567,0.1530266,29.67457,0.2885375,4,-12.77038,0
4746.088,0.1534252,29.66902,0.2885375,4,-13.21185,0
4745.751,0.1538237,29.66299,0.2885375,4,-13.44929,0
4744.54,0.1542224,29.65718,0.2885375,4,-13.82687,0
4769.221,0.1546214,29.65449,0.4268774,4,-13.09299,0
4783.64,0.1550208,29.6734,0.5533597,4,-12.4533,0
4793.411,0.1554208,29.71498,0.6561264,4,-11.70631,0
4801.797,0.155822,29.76859,0.7312251,4,-11.52347,0
4809.552,0.1562245,29.8293,0.7628459,4,-11.3898,0
4825.728,0.1566281,29.89131,0.8063241,4,-11.4062,0
4837.2,0.157033,29.95726,0.8300394,4,-11.50785,0
4838.88,0.1572362,29.9915,0.8300395,4,-10.84882,0
4846.164,0.1578475,30.09445,0.8063241,4,-10.78088,0
4847.237,0.1582567,30.16125,0.7628458,4,-10.29781,0
4853.03,0.1586687,30.22171,0.6956522,4,-10.76199,0
4850.2,0.1590817,30.27457,0.5849804,4,-11.0186,0
4853.783,0.1592885,30.29557,0.5612649,4,-10.90741,0
4862.388,0.1599115,30.34313,0.486166,4,-10.96888,0
4863,0.1603279,30.36894,0.458498,4,-11.58549,0
4867.103,0.1607449,30.39002,0.4387351,4,-11.7377,0
4868.573,0.1611605,30.40714,0.4150198,4,-11.92376,0
4866.833,0.1615763,30.41992,0.3833991,4,-11.74924,0
4867.954,0.1619925,30.42674,0.3596837,4,-12.17392,0
4864.467,0.1624076,30.42915,0.3241106,4,-12.95325,0
4866.002,0.1628226,30.4264,0.2964426,4,-12.34364,0
4861.666,0.1632378,30.41878,0.2687747,4,-12.03597,0
4853.781,0.1636523,30.40673,0.2371541,4,-12.78718,0
4855.635,0.1640664,30.3894,0.2252964,4,-13.38537,0
4853.708,0.1644805,30.3709,0.2134387,4,-13.43316,0
4850.607,0.1648941,30.34958,0.2094861,4,-13.57624,0
4850.667,0.1653073,30.32608,0.2332016,4,-13.8064,0
4859.922,0.1657205,30.30563,0.3241106,4,-13.54452,0
4887.854,0.1661336,30.30103,0.4861661,4,-14.08213,0
4905.37,0.1665468,30.32161,0.6324109,4,-13.42817,0
4936.716,0.1669607,30.36007,0.7944665,4,-13.29799,0
4940.981,0.1673757,30.41756,0.8498023,4,-12.42197,0
4955.021,0.1677917,30.47907,0.8656126,4,-12.23263,0
4956.082,0.168209,30.54604,0.8853754,4,-12.27152,0
4964.668,0.1686279,30.61293,0.8972332,4,-11.91418,0
4965.659,0.1690481,30.67963,0.806324,4,-11.66707,0
4960.049,0.1694697,30.73932,0.6877469,4,-13.06228,0
4954.706,0.1698927,30.78425,0.5810275,4,-13.48629,0
4960.08,0.1703168,30.81422,0.4980237,4,-12.10938,0
4952.394,0.1707418,30.84081,0.4743083,4,-12.23439,0
4944.951,0.1711681,30.86285,0.4703557,4,-12.98389,0
4957.108,0.1715954,30.88251,0.5059288,4,-12.62356,0
4972.837,0.1720236,30.91206,0.6363637,4,-13.05627,0
4987.085,0.1724533,30.95764,0.7707509,4,-12.9124,0
5008.157,0.1728846,31.01564,0.8774704,4,-11.50944,0
5011.732,0.1733173,31.08514,0.9209485,4,-11.42087,0
5014.111,0.1737522,31.15539,0.9249011,4,-12.18268,0
5027.929,0.174189,31.2221,0.9249012,4,-11.94941,0
5036.361,0.1746273,31.28907,0.9249012,4,-11.90864,0
5046.785,0.1750674,31.35473,0.9249012,4,-12.34189,0
5059.365,0.1755088,31.41949,0.9051383,4,-12.3246,0
5067.88,0.1759518,31.48453,0.8853756,4,-11.92095,0
5074.937,0.1763952,31.54762,0.833992,4,-11.88639,0
5072.105,0.1768394,31.6062,0.7233201,4,-12.138,0
5068.909,0.1772848,31.65315,0.5889327,4,-11.14052,0
5074.104,0.1777301,31.68456,0.5256916,4,-12.24421,0
5075.599,0.1781757,31.70737,0.4940711,4,-12.30325,0
5081.03,0.1786219,31.72492,0.4545454,4,-11.98504,0
5081.764,0.1790675,31.73848,0.4387351,4,-11.88337,0
5087.906,0.1795133,31.74888,0.4387351,4,-12.12492,0
5106.186,0.1799595,31.76143,0.5177866,4,-13.20375,0
5129.519,0.1804052,31.78583,0.6877469,4,-12.45277,0
5151.104,0.1808515,31.82651,0.8379447,4,-13.82466,0
5160.765,0.1812986,31.88119,0.9486165,4,-13.09993,0
5170.234,0.181746,31.94057,0.9881423,4,-13.47028,0
5167.915,0.1821944,32.00126,0.9881423,4,-14.57955,0
5177.474,0.1826438,32.06112,0.9960474,4,-13.69068,0
5179.653,0.1830939,32.12034,0.9999999,4,-15.14571,0
5187.959,0.183545,32.17746,1,4,-14.58355,0
5197.253,0.1839971,32.23587,1,4,-14.29497,0
5188.813,0.1844502,32.29591,1,4,-14.48322,0
5201.533,0.1849042,32.35112,1,4,-13.2715,0
5203.635,0.1853597,32.41001,1,4,-11.60213,0
5210.102,0.1858163,32.46791,1,4,-12.10394,0
5226.654,0.1862739,32.52206,1,4,-12.10944,0
5241.847,0.1867334,32.57698,1,4,-10.12804,0
5258.56,0.1871938,32.62978,1,4,-11.69654,0
5274.473,0.1876555,32.68177,1,4,-11.79807,0
5292.439,0.1881192,32.73427,1,4,-11.16607,0
5293.724,0.1885838,32.789,1,4,-12.141,0
5301.859,0.1890502,32.84097,1,4,-12.5882,0
5310.771,0.1895186,32.89235,1,4,-12.52711,0
5315.128,0.1899878,32.94456,1,4,-12.36864,0
5322.223,0.1904583,32.9969,1,4,-12.04569,0
5327.213,0.1909297,33.05062,1,4,-11.37083,0
5333.061,0.1914019,33.10431,1,4,-11.54033,0
5340.632,0.1918733,33.15695,1,4,-11.28939,0
5353.206,0.1923455,33.20835,1,4,-10.65591,0
5358.893,0.1928182,33.26259,1,4,-10.0009,0
5364.739,0.193291,33.31719,1,4,-10.41493,0
5377.159,0.1937646,33.3681,1,4,-11.22193,0
5392.937,0.1942386,33.41839,1,4,-10.70749,0
5400.503,0.1947129,33.4701,1,4,-10.9438,0
5405.457,0.1951879,33.52146,1,4,-10.8658,0
5412.728,0.1956632,33.57283,1,4,-11.1681,0
5416.787,0.1961391,33.62579,1,4,-9.953653,0
5424.871,0.1966157,33.67738,1,4,-10.48012,0
5437.189,0.1970926,33.72515,1,4,-10.45789,0
5461.258,0.1975701,33.77379,1,4,-9.122438,0
5457.465,0.1980483,33.82872,1,4,-8.990962,0
5469.336,0.198527,33.87996,1,4,-10.36549,0
5483.041,0.1990065,33.9284,1,4,-11.30392,0
5493.896,0.1994864,33.97809,1,4,-11.63541,0
5499.305,0.199967,34.02618,1,4,-11.82891,0
5504.875,0.2004484,34.07368,1,4,-11.52044,0
5500.108,0.2009304,34.12439,1,4,-11.77326,0
5504.764,0.2014132,34.17212,1,4,-12.28439,0
5512.638,0.2018968,34.21996,1,4,-11.99187,0
5516.188,0.2023811,34.268,1,4,-11.51187,0
5528.093,0.2028662,34.31551,1,4,-10.28922,0
5530.641,0.2033525,34.36684,1,4,-9.844006,0
5533.9,0.2038395,34.41695,1,4,-9.936191,0
5544.249,0.2043274,34.46452,1,4,-10.12985,0
5556.703,0.2048166,34.51086,1,4,-10.3921,0
5571.901,0.2053063,34.55598,0.9841896,4,-10.58698,0
5580.242,0.2057975,34.60249,0.9723321,4,-10.31211,0
5583.623,0.2062895,34.64986,0.9644269,4,-10.62091,0
5587.773,0.2067824,34.69597,0.9525692,4,-11.4782,0
5594.891,0.2072767,34.74084,0.936759,4,-11.55654,0
5601.028,0.2077716,34.78473,0.9011858,4,-11.48574,0
5604.646,0.2082663,34.82675,0.8695652,4,-11.66791,0
5610.346,0.208761,34.86623,0.8379447,4,-12.12237,0
5617.506,0.2092563,34.90457,0.8063242,4,-11.12284,0
5615.739,0.2097524,34.94236,0.7667984,4,-10.71618,0
5613.645,0.210249,34.97741,0.7154149,4,-10.94332,0
5609.599,0.2107461,35.00691,0.6521739,4,-10.84642,0
5613.533,0.2112435,35.02865,0.6007904,4,-10.77897,0
5612.299,0.2117411,35.04509,0.5415021,4,-10.81747,0
5611.759,0.2122389,35.05577,0.4980237,4,-10.72157,0
5605.097,0.2127367,35.0615,0.4466403,4,-10.05308,0
5601.067,0.2132344,35.05945,0.4071146,4,-10.02334,0
5596.752,0.2137319,35.05363,0.3715415,4,-9.757143,0
5597.366,0.2142292,35.04519,0.3478261,4,-9.310227,0
5592.771,0.2147262,35.03629,0.3241107,4,-8.418243,0
5589.364,0.2152229,35.02536,0.3083004,4,-6.925223,0
5588.036,0.2157194,35.01444,0.3043479,4,-5.431838,0
5581.58,0.2162154,35.00478,0.2964426,4,-3.414063,0
5579.096,0.2167113,34.99317,0.2924901,4,-0.8680096,0
5574.661,0.2172069,34.97853,0.2924901,4,0.6576445,0
5567.203,0.2177022,34.96336,0.2924901,4,2.092482,0
5573.286,0.2181973,34.94948,0.2924901,4,3.505285,0
5576.678,0.218692,34.94089,0.2924901,4,4.187201,0
5575.555,0.2191866,34.93449,0.2924901,4,5.080626,0
5574.474,0.2196811,34.92558,0.2885376,4,5.910549,0
5570.093,0.2201752,34.91505,0.2885375,4,6.724983,0
5568.386,0.2206693,34.90415,0.2885375,4,7.069021,0
5572.743,0.221163,34.89294,0.2885375,4,5.179267,0
5565.161,0.2216565,34.87926,0.2885375,4,6.503175,0
5558.373,0.2221498,34.86082,0.2885375,4,6.22246,0
5554.092,0.2226428,34.84124,0.2885375,4,5.462261,0
5546.639,0.2231355,34.82465,0.2885375,4,5.630446,0
5552.219,0.2236281,34.81107,0.2885375,4,5.227603,0
5560.123,0.2241205,34.80173,0.2885375,4,4.368618,0
5555.272,0.2246129,34.79304,0.284585,4,4.287839,0
5545.589,0.2251052,34.78006,0.2766799,4,4.487094,0
5539.65,0.2255972,34.76202,0.2608695,4,3.96322,0
5534.756,0.2260893,34.74377,0.2490118,4,3.635015,0
5530.885,0.2265814,34.72586,0.2332015,4,3.219229,0
5531.521,0.2270732,34.70709,0.2094861,4,2.601901,0
5526.184,0.2275651,34.68725,0.1857707,4,2.484901,0
5523.808,0.2280566,34.66472,0.1660078,4,2.577843,0
5521.921,0.2285475,34.63877,0.1620553,4,2.717262,0
5514.739,0.2290377,34.61129,0.1581028,4,2.889406,0
5507.632,0.2295272,34.58056,0.1581028,4,2.994993,0
5503.523,0.2300158,34.55053,0.1778655,4,3.398479,0
5510.668,0.2305037,34.52534,0.2371541,4,2.937103,0
5521.061,0.230991,34.51254,0.3715415,4,3.035424,0
5510.804,0.2314777,34.51735,0.3913043,4,3.080483,0
5504.473,0.2319641,34.52135,0.3675889,4,3.443474,0
5498.203,0.2324501,34.51605,0.3043478,4,3.819266,0.01810762
5489.132,0.2329354,34.47593,0.2332016,4,3.972773,0.4931707
5426.497,0.2334185,34.25732,0.1818181,4,3.377205,0.5457512
5375.531,0.2338976,34.00566,0.1225296,4,4.287891,0.3635917
5360.854,0.2343731,33.77671,0.06719364,4,3.76506,0.5457512
5287.089,0.2348446,33.50856,0.00790506,4,3.416686,0.5457512
5241.446,0.2353118,33.22853,0,4,3.740283,0.5457512
5192.363,0.2357746,32.93849,0,4,4.195516,0.5457512
5136.081,0.236233,32.65318,0,4,3.986397,0.5457512
5102.012,0.2366871,32.37173,0,4,3.451842,0.5457512
5073.506,0.2371367,32.07447,0,4,4.359366,0.5457512
5014.87,0.2375821,31.81057,0,4,2.79268,0.5457512
4986.221,0.2378033,31.6819,0,4,2.778297,0.5457512
4930.929,0.2384602,31.22321,0,4,3.972174,0.5457512
4837.613,0.2388927,30.94265,0,4,3.770398,0.5457512
4851.941,0.2393208,30.63843,0,4,4.549763,0.5457512
4820.703,0.2397443,30.34248,0,4,5.22312,0.4025443
4766.707,0.240164,30.11761,0,4,5.164936,0.3283459
4758.384,0.2405807,29.91992,0,4,4.899813,0.2414858
4720.198,0.2409947,29.77465,0.1222222,4,4.646312,0.1964823
4820.655,0.2414068,29.62906,0.2555556,4,3.852328,0.1964823
4986.52,0.2418164,29.4588,0.3888889,4,3.359761,0.2414859
5193.001,0.2422233,29.28193,0.5222223,4,3.122869,0.2414859
5455.457,0.242628,29.1663,0.6,4,3.223822,0.06087775
5703.771,0.2430315,29.11838,0.6,4,3.145615,4.656613E-10
5920.535,0.2434343,29.09113,0.6,4,3.378787,0
6110.359,0.2438366,29.06434,0.6,4,3.398234,0
6321.296,0.2442386,29.02656,0.6,4,3.89562,0
6589.585,0.2446395,28.95214,0.5222222,4,4.043709,0
6662.798,0.2450392,28.91305,0.4268774,4,4.108747,0
6578.65,0.2454378,28.94063,0.4901186,4,4.007384,0
6575.519,0.2458363,28.9515,0.5770752,4,4.147499,0
6596.109,0.2462344,28.9514,0.7312254,4,4.486652,0
6477.633,0.2466261,28.93495,0.7865614,4,4.523468,0
6529.923,0.2470156,28.85086,0.7865613,4,4.944339,0
6555.711,0.2474033,28.77263,0.7430831,4,5.677094,0
6508.155,0.2477886,28.72638,0.6561266,4,6.078085,0
6484.339,0.2481721,28.673,0.5454544,4,6.357413,0
6489.021,0.248554,28.60502,0.4347826,4,7.373591,0
6478.17,0.2489342,28.54134,0.3557312,4,8.664579,0
6457.201,0.2493122,28.48177,0.29249,4,9.264099,0
6444.315,0.2496889,28.41723,0.2213438,4,9.929626,0
6431.851,0.2500643,28.34883,0.1343873,4,10.51307,0
6412.034,0.2504376,28.28153,0.09090905,4,10.94368,0
6392.141,0.2508096,28.21552,0.07509877,4,11.63461,0
6376.734,0.2511805,28.14937,0.0592885,4,12.27441,0
6373.155,0.25155,28.08404,0.04743081,4,12.56824,0
6357.127,0.2519181,28.02412,0.03557306,4,12.4445,0
6332.352,0.2522851,27.96464,0.007905062,4,12.22383,0
6313.586,0.2526512,27.90074,0,4,12.59463,0
6296.3,0.2530158,27.83553,0,4,13.69591,0
6282.189,0.2533793,27.77085,0.07509875,4,13.69865,0
6273.881,0.2537419,27.70778,0.1383399,4,13.32776,0
6273.017,0.2541035,27.64751,0.229249,4,14.38122,0
6290.236,0.2544641,27.59281,0.3280631,4,14.84595,0
6311.992,0.2548239,27.5482,0.4505928,4,14.05594,0
6327.749,0.2551832,27.51494,0.4901186,4,14.11361,0
6327.57,0.2555418,27.48842,0.4505928,4,14.38751,0
6307.357,0.2559,27.4614,0.3636363,4,14.85468,0
6280.796,0.2562577,27.4248,0.2687746,4,14.9363,0
6257.628,0.256615,27.37868,0.2450593,4,14.94632,0
6237.89,0.2569714,27.32682,0.2450593,4,15.02917,0
6227.991,0.2573271,27.27378,0.2806324,4,15.03549,0
6229.434,0.2576822,27.22272,0.3557312,4,15.13119,0
6239.151,0.2580366,27.17793,0.4268775,4,14.13679,0
6256.194,0.2583905,27.14329,0.486166,4,14.45468,0
6264.913,0.258744,27.11831,0.5059288,4,15.16616,0
6268.282,0.2590973,27.1016,0.5138339,4,13.91306,0
6267.156,0.2594505,27.0913,0.5177865,4,13.54796,0
6261.873,0.2598036,27.08485,0.5177865,4,14.07,0
6240.088,0.2601568,27.0808,0.4189724,4,13.15646,0
6229.002,0.2603334,27.07732,0.3913043,4,12.58942,0
6190.472,0.2608632,27.05474,0.284585,4,12.88287,0
6166.203,0.2612162,27.03059,0.2411067,4,12.68868,0
6148.209,0.261569,27.00137,0.2252964,4,13.45151,0
6134.218,0.2619211,26.97033,0.2252964,4,13.22981,0
6137.397,0.2622728,26.939,0.2766798,4,12.36392,0
6150.574,0.2626244,26.91336,0.3675889,4,12.69727,0
6174.848,0.2629753,26.90429,0.5296443,4,12.16269,0
6188.945,0.2633247,26.92147,0.6363636,4,11.76476,0
6195.174,0.2636748,26.96076,0.7707511,4,11.22635,0
6212.785,0.2640259,27.01417,0.936759,4,10.05564,0
6211.594,0.2643773,27.08081,0.9920948,4,9.346978,0
6208.692,0.2647295,27.14986,0.9920949,4,8.584715,0
6220.101,0.2650829,27.21258,0.9960474,4,8.236926,0
6236.577,0.2654376,27.27242,1,4,8.391406,0
6250.203,0.2657924,27.33254,1,4,8.49358,0
6257.051,0.2659703,27.3622,1,4,8.38044,0
6277.041,0.2665055,27.4496,1,4,8.474279,0
6290.788,0.2668634,27.50703,1,4,8.957301,0
6306.614,0.2672219,27.56344,1,4,8.589002,0
6320.648,0.2675814,27.61876,1,4,8.635123,0
6330.974,0.2679421,27.67502,1,4,8.961947,0
6342.886,0.2683033,27.73064,1,4,9.032865,0
6357.737,0.2686654,27.78428,1,4,9.643947,0
6372.215,0.2690286,27.8363,1,4,9.545748,0
6385.242,0.2693927,27.88728,1,4,10.06573,0
6395.739,0.2697575,27.93715,1,4,10.47629,0
6407.851,0.2701232,27.98557,1,4,10.50395,0
6421.908,0.2704899,28.03145,1,4,10.68248,0
6433.689,0.2708574,28.07665,0.9802371,4,11.59889,0
6446.717,0.2712257,28.11941,0.9802371,4,11.84736,0
6461.472,0.2715949,28.16031,0.9802371,4,11.51962,0
6473.424,0.271965,28.2006,0.9802371,4,11.76912,0
6482.179,0.272336,28.24095,0.9802371,4,13.21466,0
6491.58,0.2727078,28.28038,0.9802371,4,12.53099,0
6402.924,0.2730805,28.31595,0.9802371,4,12.3283,0
6493.364,0.2734541,28.30243,0.9802371,4,12.92455,0
6399.332,0.2738277,28.28275,0.9802371,4,12.87807,0
6417.15,0.2742013,28.25415,0.9802371,4,12.74264,0
6499.327,0.2745754,28.22583,0.9802371,4,13.16433,0
6396.327,0.2749497,28.21413,0.9802371,4,13.18004,0
6416.104,0.2753242,28.1961,0.9802371,4,13.23675,0
6498.656,0.2756991,28.17705,0.9802371,4,13.15716,0
6426.903,0.2760748,28.1714,0.9802371,4,13.45055,0
6402.491,0.2764508,28.1659,0.9802371,4,13.76628,0
6493.549,0.2768271,28.151,0.9802371,4,13.81225,0
6419.486,0.2772046,28.14392,0.9802371,4,13.68379,0
6414.832,0.2775824,28.13578,0.9802371,4,12.82174,0
6484.701,0.2779607,28.12883,0.9802371,4,14.50424,0
6407.473,0.2783391,28.13092,0.9802371,4,14.44428,0
6421.641,0.2787173,28.12125,0.9802371,4,13.6529,0
6413.139,0.2789066,28.11585,0.9802371,4,13.97862,0
6402.02,0.2792852,28.10298,0.9802371,4,13.6512,0
6486.283,0.2796635,28.08897,0.9249011,4,13.82012,0
6460.057,0.2802305,28.09037,0.8656127,4,13.9774,0
6497.831,0.2806091,28.10354,0.8616601,4,13.57993,0
6494.33,0.2809878,28.14425,0.9090909,4,13.54236,0
6420.917,0.2813671,28.18315,0.9683795,4,13.24532,0
6491.417,0.2817473,28.1878,0.9960473,4,13.32995,0
6419.057,0.2819376,28.19226,0.9999999,4,13.23837,0
6416.842,0.2825082,28.18891,1,4,13.18222,0
6481.026,0.2828891,28.18281,1,4,12.85691,0
6412.825,0.2832704,28.1578,1,4,12.52574,0
6440.198,0.2836514,28.1443,1,4,12.52222,0
6443.589,0.284033,28.15106,1,4,12.09376,0
6461.506,0.2844153,28.15218,1,4,12.10473,0
6418.948,0.284798,28.12376,1,4,12.79359,0
6493.599,0.2851807,28.09524,1,4,12.52296,0
6394.941,0.2855637,28.06568,1,4,12.42063,0
6440.498,0.2857553,28.05071,1,4,12.65503,0
6415.217,0.286139,28.02202,1,4,13.08177,0
6479.065,0.2867151,28.01573,1,4,13.05303,0
6407.55,0.2871002,28.04863,1,4,12.604,0
6312.266,0.2872937,28.07931,1,4,12.53276,0
5778.182,0.2878768,28.24307,1,4,12.26344,0
5517.499,0.2880724,28.31976,1,4,12.03442,0
4718.845,0.288665,28.59186,1,4,11.69246,0
4777.302,0.2890644,28.70079,1,4,12.58139,0
4675.9,0.2894659,28.80201,1,4,13.48336,0
4691.155,0.2898706,28.88097,1,4,13.5368,0
4702.189,0.2902777,28.94956,1,4,13.91309,0
4709.458,0.2906866,29.02263,1,4,13.57847,0
4719.83,0.2910984,29.09818,1,4,13.17084,0
4715.938,0.2915134,29.18155,1,4,12.17153,0
4714.355,0.2919306,29.26546,1,4,11.04427,0
4718.711,0.2923494,29.34757,1,4,9.696996,0
4724.753,0.292769,29.42928,1,4,8.637718,0
4734.659,0.2931907,29.51041,1,4,7.416578,0
4747.445,0.2936141,29.59121,1,4,6.759922,0
4759.458,0.2940389,29.67193,1,4,6.76603,0
4772.668,0.2944655,29.75089,1,4,7.251304,0
4786.037,0.2948937,29.82847,1,4,7.727994,0
4799.788,0.2953226,29.90479,1,4,8.006625,0
4813.646,0.2957531,29.97987,1,4,8.453644,0
4825.332,0.2961847,30.05528,1,4,8.866139,0
4838.98,0.296617,30.12933,1,4,8.742244,0
4844.887,0.2968336,30.16635,1,4,8.804888,0
4863.601,0.2974851,30.27713,1,4,8.544203,0
4875.906,0.29792,30.35082,1,4,8.333863,0
4887.892,0.2983563,30.42443,1,4,8.69121,0
4900.79,0.2987934,30.49764,1,4,8.507782,0
4916.836,0.299231,30.57032,1,4,8.625354,0
4928.006,0.2996698,30.64474,1,4,8.100682,0
4939.163,0.3001094,30.71997,1,4,7.388401,0
4943.591,0.3005497,30.79607,1,4,7.511123,0
4955.655,0.3009912,30.87107,1,4,7.022449,0
4968.303,0.3014334,30.94561,1,4,6.138487,0
4972.012,0.3016549,30.98376,1,4,6.300994,0
4988.437,0.3023209,31.09649,1,4,5.947103,0
5002.873,0.3027661,31.1715,1,4,5.663171,0
5010.494,0.3032123,31.24747,1,4,5.7403,0
5024.341,0.3036597,31.32139,1,4,5.60683,0
5033.952,0.3041082,31.39516,1,4,5.713725,0
5044.58,0.3045578,31.46851,1,4,5.837323,0
5059.428,0.3050085,31.54146,1,4,5.84953,0
5073.219,0.3054608,31.61492,1,4,6.349207,0
5086.539,0.3059142,31.68895,1,4,6.047789,0
5096.902,0.306369,31.76308,1,4,5.877245,0
5103.104,0.3068258,31.83693,1,4,6.609322,0
5108.333,0.3070545,31.87254,1,4,6.529691,0
5124.972,0.30774,31.97866,1,4,5.311764,0
5131.055,0.308195,32.04911,1,4,4.36859,0
5140.827,0.3086511,32.11814,1,4,3.015112,0
5150.568,0.3091058,32.1878,1,4,1.706441,0
5155.904,0.309333,32.22272,1,4,0.8765413,0
5172.259,0.3100161,32.32573,0.9683793,4,-1.057702,0
5179.858,0.3104713,32.393,0.9011859,4,-2.212787,0
5192.339,0.3109273,32.45645,0.8300396,4,-3.552271,0
5201.344,0.311384,32.51566,0.735178,4,-5.044498,0
5210.544,0.3118405,32.5649,0.6482211,4,-6.490393,0
5207.789,0.3122976,32.6037,0.5217391,4,-7.88684,0
5216.273,0.3127549,32.62531,0.4782608,4,-9.121367,0
5216.171,0.3132119,32.63761,0.4347826,4,-9.959243,0
5211.963,0.313669,32.64394,0.3913043,4,-10.26039,0
5213.915,0.314126,32.64407,0.3754941,4,-10.8395,0
5216.441,0.3143543,32.64296,0.3715414,4,-10.93775,0
5216.278,0.3150394,32.64152,0.3715414,4,-10.11728,0
5216.208,0.3152677,32.64121,0.3675889,4,-9.969796,0
5214.229,0.3157244,32.64001,0.3517787,4,-10.24079,0
5213.158,0.3161809,32.63626,0.320158,4,-10.07129,0
5213.033,0.3168659,32.62363,0.3043479,4,-9.982346,0
5210.408,0.3173224,32.61378,0.3043478,4,-10.48224,0
5210.48,0.3177789,32.60368,0.3043478,4,-10.57554,0
5207.066,0.3182354,32.59286,0.2924901,4,-10.9517,0
5206.106,0.3184637,32.58668,0.2885376,4,-11.13824,0
5203.295,0.3189201,32.57169,0.2687746,4,-11.28814,0
5197.399,0.3196048,32.54284,0.2450592,4,-12.12561,0
5194.798,0.320061,32.51985,0.2411067,4,-11.41492,0
5188.805,0.3205171,32.49607,0.2411067,4,-11.86752,0
5185.874,0.3209732,32.47232,0.2411067,4,-12.02414,0
5185.378,0.321429,32.44847,0.2411067,4,-12.25968,0
5199.216,0.3218847,32.42674,0.3320158,4,-11.77877,0
5239.389,0.3223403,32.4213,0.6126481,4,-10.88157,0
5259.315,0.3227963,32.45124,0.86166,4,-10.91079,0
5271.229,0.3232529,32.5036,1,4,-10.59427,0
5287.471,0.3237105,32.56133,1,4,-10.58162,0
5293.912,0.3241691,32.62018,1,4,-11.21408,0
5302.843,0.3246292,32.67841,1,4,-10.77557,0
5307.329,0.3250901,32.73964,1,4,-10.08847,0
5308.018,0.3255522,32.80022,1,4,-10.5176,0
5323.101,0.3260152,32.85616,1,4,-12.06221,0
5339.097,0.3264791,32.91174,1,4,-11.7467,0
5351.57,0.3269428,32.96881,0.936759,4,-11.9832,0
5336.387,0.3274066,33.03107,0.8142293,4,-12.06664,0
5319.822,0.3278713,33.08221,0.6719368,4,-12.76936,0
5305.278,0.3283354,33.11267,0.5059288,4,-13.98266,0
5300.87,0.3285674,33.12043,0.4703557,4,-13.8469,0
5291.895,0.3290316,33.12308,0.3557311,4,-13.64655,0
5283.462,0.3294952,33.11062,0.2766799,4,-13.42898,0
5269.758,0.3301893,33.06927,0.1660079,4,-13.70783,0
5269.792,0.3306513,33.03165,0.1581027,4,-14.18856,0
5265.22,0.3311122,32.99371,0.1581028,4,-14.33848,0
5265.21,0.3313425,32.97464,0.1857707,4,-14.24942,0
5265.229,0.3320326,32.92282,0.2450593,4,-14.693,0
5261.765,0.3324918,32.89308,0.2687746,4,-15.18623,0
5262.982,0.3327213,32.87832,0.2845849,4,-15.37505,0
5289.81,0.3334093,32.84044,0.4782608,4,-16.00805,0
5312.604,0.3338676,32.83546,0.6482214,4,-15.74149,0
5339.051,0.3343263,32.85151,0.8181818,4,-15.66308,0
5347.53,0.3347856,32.88871,0.9762847,4,-15.01585,0
5352.798,0.3352456,32.93278,0.9999999,4,-14.9471,0
5359.167,0.3357067,32.97608,1,4,-15.30699,0
5363.993,0.3359376,32.99696,1,4,-15.3263,0
5371.556,0.3364002,33.04004,1,4,-15.26299,0
5377.182,0.337096,33.10777,1,4,-14.98209,0
5379.14,0.3375615,33.15409,1,4,-14.8651,0
5377.717,0.3380279,33.20408,1,4,-14.70818,0
5376.473,0.3384962,33.25631,1,4,-14.45255,0
5374.157,0.3389657,33.30987,1,4,-14.1091,0
5376.421,0.3394363,33.36543,1,4,-13.36056,0
5377.283,0.3399095,33.42207,1,4,-12.07776,0
5377.156,0.3403836,33.4796,1,4,-11.39918,0
5380.351,0.3408596,33.53555,1,4,-11.07452,0
5387.719,0.3413376,33.59175,1,4,-9.498775,0
5393.943,0.3418167,33.64812,1,4,-8.865632,0
5402.15,0.3422959,33.70288,1,4,-8.418152,0
5415.535,0.3427756,33.75696,1,4,-8.704842,0
5427.773,0.343256,33.81043,1,4,-9.330547,0
5446.769,0.3437362,33.86098,1,4,-10.11682,0
5458.236,0.3442172,33.91187,1,4,-10.80804,0
5466.475,0.3446987,33.9626,1,4,-11.11262,0
5471.131,0.3451803,34.0127,1,4,-11.24011,0
5475.549,0.3456627,34.06182,1,4,-11.16907,0
5480.024,0.3461455,34.11097,1,4,-10.97995,0
5489.114,0.3466287,34.15987,1,4,-11.09357,0
5496.827,0.3471127,34.20831,1,4,-11.00542,0
5506.564,0.3475969,34.25691,1,4,-9.517117,0
5510.736,0.348082,34.30682,1,4,-9.173272,0
5515.435,0.3485677,34.35617,1,4,-8.892389,0
5529.428,0.3490541,34.40515,1,4,-8.234688,0
5539.653,0.3495412,34.45463,1,4,-8.099977,0
5555.86,0.350029,34.50336,1,4,-8.159757,0
5570.741,0.3505175,34.55212,1,4,-8.736699,0
5580.999,0.3510068,34.60202,1,4,-9.387888,0
5592.183,0.3514969,34.65148,1,4,-9.824628,0
5597.337,0.3519877,34.70113,1,4,-10.27237,0
5601.833,0.3524794,34.74976,1,4,-11.31367,0
5609.292,0.3529719,34.79705,1,4,-11.2295,0
5615.257,0.3534651,34.8442,1,4,-11.80268,0
5617.389,0.3539593,34.89059,1,4,-12.01968,0
5624.574,0.3544542,34.93578,1,4,-11.95829,0
5627.787,0.3549502,34.98099,1,4,-12.2677,0
5634.231,0.3554471,35.02488,1,4,-12.31697,0
5640.93,0.3559446,35.06847,1,4,-11.80852,0
5643.567,0.3564436,35.11325,1,4,-11.66735,0
5648.047,0.3569432,35.15722,1,4,-11.85337,0
5655.744,0.3574439,35.20056,1,4,-11.30728,0
5659.391,0.3579459,35.24494,1,4,-11.35381,0
5664.638,0.3584486,35.28954,1,4,-10.90136,0
5669.875,0.3589529,35.33401,1,4,-10.40114,0
5673.263,0.3594581,35.3785,1,4,-9.951132,0
5680.461,0.3599639,35.42253,1,4,-9.374722,0
5686.034,0.36047,35.46743,1,4,-9.154051,0
5694.729,0.3609767,35.51233,1,4,-8.771092,0
5702.628,0.3614835,35.55779,1,4,-8.315725,0
5706.415,0.3619907,35.60374,1,4,-7.819876,0
5709.575,0.3624986,35.649,1,4,-7.81475,0
5714.242,0.3630068,35.69357,1,4,-7.666087,0
5721.762,0.3635158,35.73696,1,4,-7.215287,0
5727.079,0.3640251,35.78013,1,4,-7.103043,0
5733.926,0.3645349,35.82303,1,4,-6.947921,0
5740.396,0.3650453,35.86469,1,4,-6.595397,0
5744.597,0.365556,35.90589,1,4,-6.359986,0
5751.865,0.3660672,35.94672,1,4,-6.38722,0
5760.883,0.3665788,35.98719,1,4,-6.226711,0
5769.482,0.3670908,36.02772,1,4,-6.085344,0
5777.262,0.3676033,36.06886,1,4,-5.70851,0
5784.675,0.3681161,36.11062,1,4,-6.406929,0
5787.821,0.3683726,36.13133,1,4,-6.476433,0
5796.706,0.369143,36.19309,1,4,-6.273468,0
5796.9,0.3694,36.21356,1,4,-6.449963,0
5804.244,0.3701717,36.27236,1,4,-6.246045,0
5808.208,0.3704291,36.29176,1,4,-6.230129,0
5814.723,0.3709442,36.33109,1,4,-6.119647,0
5826.251,0.3717178,36.38962,1,4,-5.738211,0
5831.153,0.372234,36.42913,1,4,-6.12434,0
5839.442,0.3727508,36.46808,1,4,-6.376018,0
5847.981,0.3732679,36.50714,1,4,-5.845075,0
5847.967,0.3737857,36.54664,1,4,-5.920793,0
5854.257,0.374304,36.58435,1,4,-6.013831,0
5862.115,0.3748227,36.62189,1,4,-5.725582,0
5867.746,0.3753421,36.66048,1,4,-5.581719,0
5874.202,0.3758621,36.69874,1,4,-5.340793,0
5880.445,0.3763826,36.73717,1,4,-5.51749,0
5887.329,0.3769039,36.7759,1,4,-5.358719,0
5893.601,0.3774257,36.81445,1,4,-5.098462,0
5897.242,0.3779484,36.85329,1,4,-5.489851,0
5905.361,0.3784717,36.89127,1,4,-5.367964,0
5911.037,0.3789957,36.92939,1,4,-5.435721,0
5916.557,0.3795207,36.96782,1,4,-5.549714,0
5922.45,0.3800462,37.00515,1,4,-5.747961,0
5929.175,0.3805719,37.04281,1,4,-6.408144,0
5936.492,0.3810978,37.08031,1,4,-6.88803,0
5938.882,0.3816242,37.11708,1,4,-5.593717,0
5935.83,0.3821509,37.15028,1,4,-5.203947,0
5940.17,0.3826781,37.18155,1,4,-5.824747,0
5948.188,0.3832055,37.21443,1,4,-5.514656,0
5958.504,0.3837334,37.24799,1,4,-3.209921,0
5960.134,0.3842617,37.28114,1,4,-3.019034,0
5975.542,0.3847905,37.30702,1,4,-3.690422,0
6009.827,0.3853196,37.33595,1,4,-4.631266,0
6025.653,0.3858491,37.37683,1,4,-5.145879,0
6024.823,0.3863794,37.42522,1,4,-5.278507,0
6001.776,0.3869103,37.47549,1,4,-6.05094,0
6003.239,0.3874418,37.51139,1,4,-6.614683,0
6008.144,0.3877078,37.52787,1,4,-6.575326,0
6003.508,0.3885064,37.58285,1,4,-5.217387,0
6009.254,0.3890396,37.61678,1,4,-3.944414,0
6014.717,0.3895733,37.65138,1,4,-3.306442,0
6020.546,0.3901075,37.68609,1,4,-2.908306,0
6031.412,0.3906424,37.72071,1,4,-3.146695,0
6043.991,0.3911779,37.75662,1,4,-2.798482,0
6050.841,0.3917139,37.79517,1,4,-3.166744,0
6055.839,0.3922507,37.8338,1,4,-4.022614,0
6064.734,0.392788,37.87262,1,4,-3.820636,0
6066.202,0.3933261,37.91339,1,4,-3.960025,0
6065.57,0.3935954,37.9336,1,4,-4.200726,0
6075.29,0.3944041,37.98988,1,4,-4.172613,0
6077.367,0.3949441,38.02683,1,4,-4.114717,0
6083.347,0.3954847,38.06378,1,4,-4.280108,0
6091.057,0.396026,38.09977,1,4,-4.15357,0
6091.977,0.3962968,38.11776,1,4,-4.238824,0
6098.73,0.3971103,38.1704,1,4,-4.265203,0
6103.238,0.3976533,38.20564,1,4,-4.517077,0
6111.531,0.3981969,38.23954,1,4,-4.375444,0
6116.706,0.3987411,38.2735,1,4,-4.861773,0
6128.5,0.3992857,38.30453,1,4,-5.288873,0
6137.046,0.3998309,38.339,1,4,-6.444015,0
6147.834,0.4003767,38.37865,1,4,-2.878353,0
6128.271,0.400923,38.41284,1,4,-5.953736,0
6154.966,0.4014696,38.44189,1,4,-4.168412,0
6143.878,0.4020167,38.47948,1,4,-3.743634,0
6154.648,0.4025641,38.50915,1,4,-8.401618,0
6163.201,0.403112,38.54308,1,4,-4.909877,0
6165.792,0.4036604,38.5798,1,4,-3.822066,0
6163.461,0.4042091,38.60874,1,4,-5.234786,0
6163.807,0.4047582,38.63431,1,4,-6.836709,0
6171.73,0.4053077,38.66507,1,4,-3.040541,0
6176.868,0.4055825,38.67927,1,4,-4.007452,0
6176.253,0.4064075,38.71987,1,4,-3.543727,0
6181.388,0.4069579,38.74039,1,4,-4.144577,0
6188.598,0.4075084,38.76634,1,4,-4.953593,0
6211.681,0.4080593,38.79258,1,4,-4.422969,0
6217.068,0.4086104,38.82257,1,4,-3.6355,0
6208.975,0.4091619,38.85243,1,4,-4.612968,0
6214.77,0.4097137,38.87999,1,4,-4.007122,0
6217.169,0.4102657,38.90803,1,4,-3.573729,0
6218.368,0.4108181,38.93586,1,4,-4.125492,0
6227.938,0.4113708,38.96282,1,4,-4.119538,0
6230.801,0.4116472,38.97614,1,4,-3.734307,0
6230.489,0.412477,39.01607,1,4,-3.863831,0
6237.655,0.4130305,39.04059,1,4,-3.862502,0
6241.516,0.4135843,39.06588,1,4,-3.240204,0
6244.996,0.4141384,39.09185,1,4,-3.302662,0
6253.438,0.4146928,39.11731,1,4,-3.314957,0
6256.173,0.4152474,39.14268,1,4,-2.671013,0
6254.341,0.4158024,39.16544,1,4,-1.930081,0
6254.523,0.4163576,39.18704,1,4,-1.320343,0
6261.081,0.4169132,39.2088,1,4,-1.020652,0
6264.696,0.417191,39.22004,1,4,-0.6554908,0
6269.96,0.417747,39.24386,1,4,-0.49314,0
6281.249,0.4185815,39.28021,1,4,-0.5286555,0
6282.3,0.4191383,39.30625,1,4,-0.3892896,0
6290.178,0.4196955,39.33224,1,4,-0.06898454,0
6294.5,0.4199742,39.34557,1,4,-0.01686957,0
6297.822,0.420532,39.37395,1,4,0.01040432,0
6295.385,0.4213694,39.41602,1,4,0.3658264,0
6301.592,0.4219282,39.44115,1,4,0.4949949,0
6304.09,0.4224873,39.46613,1,4,1.087852,0
6307.401,0.4230469,39.49106,1,4,1.471501,0
6310.01,0.4233269,39.50368,1,4,1.653641,0
6316.716,0.4241673,39.54018,1,4,2.329958,0
6320.982,0.4247281,39.56506,1,4,3.103019,0
6328.518,0.4252892,39.58976,1,4,3.229554,0
6329.697,0.4258507,39.61421,1,4,3.207199,0
6330.805,0.4264124,39.63729,1,4,3.725706,0
6339.239,0.4269744,39.66044,1,4,4.022679,0
6345.375,0.4275368,39.68484,1,4,3.63835,0
6346.326,0.4280995,39.70959,1,4,3.776094,0
6351.827,0.4286625,39.73362,1,4,3.912998,0
6355.04,0.4289441,39.74596,1,4,3.738422,0
6359.412,0.4295075,39.77067,1,4,3.836102,0
6372.481,0.4303532,39.81197,1,4,3.982996,0
6371.102,0.4309175,39.84121,1,4,2.926574,0
6363.453,0.4314821,39.86729,1,4,2.854738,0
6369.537,0.4320471,39.89049,1,4,2.472662,0
6374.629,0.4323297,39.90292,1,4,1.970061,0
6377.43,0.4328952,39.92921,1,4,1.371685,0
6383.216,0.4337441,39.96704,1,4,1.021943,0
6386.352,0.4343104,39.99085,1,4,0.469739,0
6389.257,0.4348772,40.01554,1,4,0.7363617,0
6394.692,0.4354443,40.03936,1,4,0.9212675,0
6399.754,0.4360118,40.06467,1,4,0.8464327,0
6405.026,0.4365796,40.0898,1,4,0.9503857,0
6408.563,0.4371479,40.11552,1,4,0.9187896,0
6412.856,0.4377165,40.14121,1,4,0.6803246,0
6417.007,0.4382856,40.16646,1,4,0.8590956,0
6417.463,0.4388551,40.18985,1,4,0.7696973,0
6419.057,0.4394249,40.21183,1,4,0.7252059,0
6423.96,0.4399951,40.23277,1,4,0.7259903,0
6425.551,0.4405656,40.25352,1,4,0.8463167,0
6430.137,0.4411364,40.27372,1,4,0.7632767,0
6433.827,0.4417076,40.29304,1,4,0.7009521,0
6434.813,0.4422792,40.31251,1,4,0.9368936,0
6440.625,0.4428509,40.33176,1,4,0.3194233,0
6445.027,0.4434231,40.35044,1,4,0.2082186,0
6444.682,0.4439956,40.3707,1,4,0.4312158,0
6451.98,0.4445684,40.38837,1,4,0.02300805,0
6451.222,0.4451415,40.40679,1,4,0.05558369,0
6455.066,0.445715,40.42594,1,4,-0.1273113,0
6459.703,0.4462887,40.44353,1,4,-0.3983437,0
6457.553,0.4468627,40.46156,1,4,0.2397942,0
6465.321,0.4474371,40.48056,1,4,-0.5453113,0
6471.96,0.4480118,40.49976,1,4,-0.7368528,0
6472.044,0.4485871,40.51751,1,4,-0.1963808,0
6467.593,0.4491626,40.53362,1,4,-0.1806779,0
6471.816,0.4497383,40.5485,1,4,0.09828001,0
6475.091,0.4503142,40.56441,1,4,0.24835,0
6480.563,0.4508902,40.58173,1,4,0.2212777,0
6486.896,0.4514664,40.59982,1,4,-0.05134088,0
6487.42,0.4520428,40.61802,1,4,0.522662,0
6489.254,0.4526194,40.63561,1,4,0.87766,0
6493.112,0.4531961,40.65205,1,4,1.154103,0
6492.359,0.453773,40.66965,1,4,2.143013,0
6495.375,0.4543501,40.68594,1,4,2.844038,0
6422.314,0.4549273,40.69907,1,4,2.69639,0
6438.527,0.4555041,40.63553,1,4,2.861059,0
6484.621,0.4560798,40.55392,1,4,4.010772,0
6420.91,0.4566545,40.51007,1,4,5.139591,0
6441.551,0.4572284,40.44739,1,4,4.977127,0
6429.362,0.4578014,40.38535,1,4,5.461446,0
6410.628,0.4583735,40.32361,1,4,5.48322,0
6404.824,0.4589446,40.25875,1,4,5.593321,0
6393.476,0.4595149,40.19931,1,4,6.829024,0
6389.306,0.4600844,40.14031,1,4,6.334334,0
6381.351,0.4606529,40.07802,1,4,5.688435,0
6446.487,0.4612206,40.01454,1,4,6.625451,0
6419.587,0.4617877,40.02903,1,4,6.561519,0
6372.891,0.4623554,40.06451,1,4,5.809781,0
6420.196,0.4629233,40.06645,1,4,5.057091,0
6411.046,0.4632072,40.07569,1,4,4.687326,0
6395.46,0.4637754,40.09724,1,4,4.762665,0
6415.864,0.4646281,40.11828,1,4,4.413931,0
6414.718,0.465197,40.13781,1,4,4.132597,0
6420.494,0.465766,40.15603,1,4,4.456285,0
6423.445,0.4663354,40.17472,1,4,3.613167,0
6420.445,0.4669051,40.19335,1,4,2.978948,0
6420.903,0.4674751,40.20945,1,4,2.888298,0
6426.264,0.4680452,40.22625,1,4,1.862848,0
6429.033,0.4686158,40.24483,1,4,1.316717,0
6434.719,0.4691867,40.2643,1,4,1.305094,0
6439.764,0.4697579,40.28466,1,4,0.7547529,0
6437.765,0.4703294,40.30386,1,4,0.3615357,0
6433.895,0.4709013,40.31994,1,4,0.3020274,0
6441.217,0.4714735,40.3347,1,4,-0.2354054,0
6444.107,0.472046,40.35189,1,4,-0.4077382,0
6448.447,0.4726188,40.36977,1,4,-0.04709724,0
6456.392,0.473192,40.38725,1,4,-0.2475763,0
6457.749,0.4737652,40.40694,1,4,-0.145547,0
6462.93,0.4743386,40.42707,1,4,-0.8192105,0
6465.927,0.4749121,40.4485,1,4,-1.06925,0
6463.351,0.4754857,40.46852,1,4,-0.732269,0
6463.539,0.4760594,40.48565,1,4,-1.311647,0
6466.008,0.4763462,40.49357,1,4,-1.349788,0
6467.675,0.477207,40.51742,1,4,-1.630102,0
6470.797,0.4777809,40.53242,1,4,-1.460018,0
6473.39,0.4780679,40.53969,1,4,-1.31029,0
6480.029,0.4789292,40.56431,1,4,-2.312433,0
6485.805,0.4795036,40.58178,1,4,-2.209681,0
6486.609,0.4800781,40.59938,1,4,-2.470824,0
6485.899,0.4806529,40.61482,1,4,-2.977153,0
6491.499,0.4812278,40.62873,1,4,-2.2088,0
6490.796,0.4815154,40.63715,1,4,-2.413401,0
6495.031,0.4823784,40.65987,1,4,-3.139909,0
6496.634,0.4829541,40.67429,1,4,-2.845486,0
6499.937,0.48353,40.68745,1,4,-3.309499,0
6397.482,0.4841061,40.65752,1,4,-3.14431,0
6499.501,0.4846812,40.56153,1,4,-3.442741,0
6433.674,0.4852553,40.51254,1,4,-3.667978,0
6430.684,0.4858289,40.45062,1,4,-3.324564,0
6433.472,0.4864017,40.38335,1,4,-3.225754,0
6411.844,0.4869738,40.32461,1,4,-3.084669,0
6408.714,0.4875452,40.262,0.9407114,4,-2.87169,0
6404.055,0.4878307,40.23087,0.8379446,4,-2.766107,0
6382.285,0.4886859,40.14107,0.5059286,4,-2.054839,0
6375.065,0.4892554,40.08144,0.3952569,4,-2.036092,0
6408.088,0.4898241,40.02534,0.3399209,4,-2.250675,0
6379.112,0.4903924,40.00179,0.29249,4,-2.770843,0
6354.695,0.4909605,39.97586,0.229249,4,-3.209749,0
6368.585,0.4915282,39.93008,0.2173913,4,-3.660677,0
6352.104,0.4920953,39.89198,0.2173913,4,-4.128097,0
6348.564,0.4926619,39.8521,0.2411067,4,-4.196536,0
6349.235,0.493228,39.81344,0.2687747,4,-4.24618,0
6340.581,0.4937934,39.77979,0.2964427,4,-4.512135,0
6344.824,0.4943583,39.74733,0.4031621,4,-4.538471,0
6351.274,0.4949227,39.727,0.5573123,4,-4.505909,0
6352.339,0.4954866,39.72496,0.7154151,4,-4.302513,0
6354.262,0.4960504,39.73635,0.853755,4,-3.965508,0
6351.641,0.4966148,39.75491,0.9407114,4,-4.387401,0
6356.958,0.49718,39.77369,0.9209485,4,-5.376279,0
6353.146,0.4977452,39.78999,0.743083,4,-6.327361,0
6330.47,0.4983097,39.7935,0.5098813,4,-7.269356,0
6316.948,0.4988739,39.7684,0.201581,4,-8.328913,0
6310.737,0.4994362,39.71666,0.04347818,4,-9.538388,0
6313.4,0.4999973,39.65284,0.01976282,4,-10.38557,0
6301.705,0.5005568,39.59219,0.05533595,4,-10.55895,0
6292.757,0.5011148,39.53257,0.08300394,4,-11.56537,0
6282.547,0.5016716,39.47352,0.0869565,4,-11.96435,0
6271.631,0.5022269,39.41185,0.0869565,4,-12.7148,0
6258.225,0.5027812,39.34702,0.05928849,4,-12.89507,0
6241.96,0.503334,39.2779,0.03557306,4,-13.41448,0
6228.309,0.5038856,39.2045,0.01581025,4,-13.85826,0
6213.4,0.5044358,39.12868,-1.164153E-09,4,-13.8417,0
6198.695,0.5049848,39.05089,0,4,-14.11852,0
6182.943,0.5055326,38.97304,0,4,-13.40261,0
6168.435,0.5060791,38.89357,0.05533594,4,-13.72174,0
6175.958,0.5066245,38.81539,0.256917,4,-14.75375,0
6222.772,0.5071687,38.75066,0.5928854,4,-14.663,0
6267.776,0.5077122,38.71165,0.9999999,4,-14.90633,0
6278.917,0.5082554,38.69254,1,4,-14.4399,0
6286.551,0.5087984,38.67786,1,4,-14.41778,0
6280.891,0.5093413,38.66613,1,4,-14.91872,0
6282.787,0.5098841,38.65264,1,4,-14.8362,0
6283.79,0.5104269,38.64032,1,4,-14.1092,0
6289.663,0.5109698,38.62627,1,4,-14.19518,0
6303.103,0.5115126,38.61114,1,4,-13.96157,0
6307.367,0.5120555,38.59964,1,4,-14.42985,0
6301.396,0.5125985,38.59386,1,4,-14.53851,0
6284.45,0.5131416,38.59157,1,4,-14.23071,0
6271.758,0.5136852,38.58958,1,4,-14.38271,0
6263.163,0.5142288,38.58598,1,4,-14.90301,0
6260.281,0.5147729,38.58222,1,4,-14.59275,0
6253.287,0.5153171,38.58319,1,4,-14.06251,0
6242.853,0.5158619,38.58794,1,4,-13.99529,0
6235.581,0.516407,38.59428,1,4,-13.52534,0
6227.425,0.5169525,38.60416,1,4,-13.75921,0
6217.826,0.5174986,38.61712,1,4,-13.57128,0
6207.91,0.5180451,38.63311,1,4,-13.05428,0
6198.022,0.5185931,38.64984,1,4,-12.75143,0
6194.363,0.5191416,38.66418,1,4,-12.67206,0
6195.897,0.51969,38.67858,1,4,-11.77526,0
6193.394,0.5202385,38.69414,1,4,-11.27588,0
6194.66,0.5207869,38.70758,1,4,-10.59176,0
6196.35,0.5213342,38.72027,1,4,-11.20706,0
6204.403,0.5218819,38.7312,1,4,-12.09035,0
6213.72,0.5224284,38.74138,1,4,-11.52693,0
6213.298,0.5229751,38.75315,1,4,-11.94177,0
6219.462,0.5235214,38.76238,1,4,-12.32268,0
6224.368,0.5240675,38.77082,1,4,-12.51759,0
6226.411,0.5246136,38.77868,1,4,-13.02049,0
6230.481,0.5251592,38.78438,1,4,-14.59464,0
6232.822,0.525705,38.78903,1,4,-14.97401,0
6231.593,0.5262505,38.79309,1,4,-14.7407,0
6226.871,0.5267959,38.79427,1,4,-15.12183,0
6228.585,0.5273415,38.7942,1,4,-15.05691,0
6224.715,0.5278869,38.79617,1,4,-15.1666,0
6223.219,0.5284325,38.79908,1,4,-14.08499,0
6219.998,0.5289784,38.80304,1,4,-14.11794,0
6222.508,0.5295244,38.80689,1,4,-13.72884,0
6222.391,0.530071,38.81321,1,4,-12.65409,0
6220.248,0.5306178,38.82043,1,4,-12.82974,0
6225.644,0.5311653,38.8253,1,4,-12.57259,0
6224.775,0.5317131,38.8316,1,4,-12.66623,0
6221.843,0.5322614,38.83738,1,4,-12.80308,0
6224.099,0.5328103,38.84151,1,4,-13.18965,0
6224.693,0.5333595,38.84622,1,4,-12.91157,0
6221.256,0.5339098,38.85011,1,4,-13.06846,0
6220.938,0.5344601,38.85277,1,4,-14.08906,0
6224.129,0.5350112,38.85408,1,4,-14.17137,0
6221.416,0.5355626,38.85427,1,4,-15.07603,0
6222.119,0.5361146,38.84996,1,4,-15.3412,0
6221.593,0.536667,38.84259,1,4,-16.4062,0
6219.822,0.5372194,38.83312,1,4,-16.63234,0
6218.399,0.5377727,38.8217,1,4,-16.91505,0
6215.543,0.5383257,38.80938,1,4,-17.2444,0
6215.041,0.5388794,38.79499,1,4,-18.05062,0
6213.395,0.539433,38.78154,1,4,-18.04166,0
6210.677,0.5399856,38.7658,1,4,-18.31871,0
6205.546,0.5405368,38.72335,1,4,-17.74561,0
6193.829,0.541087,38.69905,1,4,-17.09191,0
6192.581,0.5416357,38.68028,1,4,-16.08992,0
6189.865,0.542184,38.66269,1,4,-14.81479,0
6181.793,0.5427319,38.64585,1,4,-13.22118,0
6176.841,0.5432793,38.62901,1,4,-12.89435,0
6175.64,0.5438263,38.61229,1,4,-11.02187,0
6169.762,0.5443726,38.59617,1,4,-9.713203,0
6167.446,0.5449185,38.57933,1,4,-8.991207,0
6165.491,0.5454634,38.56089,1,4,-8.054636,0
6162.46,0.5460082,38.54396,1,4,-7.515124,0
6163.875,0.5465518,38.52746,1,4,-6.723389,0
6160.889,0.5470949,38.51189,1,4,-5.847258,0
6154.272,0.5476373,38.49615,1,4,-5.302072,0
6149.575,0.5481789,38.47761,1,4,-4.098044,0
6144.117,0.5487201,38.45885,1,4,-3.353228,0
6143.992,0.5492603,38.43924,1,4,-2.98526,0
6148.899,0.5498003,38.42011,1,4,-2.56002,0
6157.973,0.5503395,38.40292,1,4,-2.295535,0
6168.143,0.5508785,38.38879,1,4,-2.502785,0
6169.857,0.5514171,38.37959,1,4,-2.449304,0
6160.854,0.5519553,38.37587,1,4,-2.81505,0
6139.898,0.5524935,38.37297,1,4,-2.546495,0
6132.724,0.5530311,38.36281,1,4,-1.801581,0
6134.23,0.5535688,38.34864,1,4,-1.255848,0
6152.21,0.5541064,38.32911,1,4,-1.516461,0
6194.655,0.5546436,38.30903,1,4,-1.540195,0
6216.023,0.5551808,38.29616,1,4,-0.8927345,0
6218.631,0.5557181,38.29491,1,4,-0.5740288,0
6201.336,0.5562559,38.30087,1,4,-0.5261252,0
6196.45,0.556794,38.30353,1,4,-0.6132749,0
6225.377,0.5573325,38.29059,1,4,-0.931908,0
6278.559,0.5578712,38.27016,1,4,-1.526247,0
6318.122,0.55841,38.25965,1,4,-1.664823,0
6315.848,0.5589493,38.27143,1,4,-1.346129,0
6277.836,0.5594895,38.29853,1,4,-1.358672,0
6237.029,0.5600306,38.32753,1,4,-1.506204,0
6229.325,0.5605728,38.34584,1,4,-3.23211,0
6229.987,0.5611157,38.36447,1,4,-2.924197,0
6214.164,0.5616592,38.39444,1,4,-2.816619,0
6181.111,0.5622036,38.42777,1,4,-2.711853,0
6172.807,0.5627484,38.45557,1,4,-2.468275,0
6169.501,0.5632935,38.4758,1,4,-2.689258,0
6175.107,0.563839,38.49342,1,4,-3.289799,0
6191.981,0.5643847,38.51472,1,4,-2.691474,0
6188.515,0.5649309,38.54465,1,4,-2.733501,0
6176.082,0.5654775,38.57581,1,4,-3.283729,0
6183.37,0.5660246,38.60191,1,4,-3.677362,0
6181.864,0.5665721,38.62992,1,4,-3.51829,0
6182.398,0.5671199,38.65754,1,4,-3.426462,0
6184.451,0.5676681,38.68283,1,4,-3.247575,0
6185.703,0.5682167,38.70781,1,4,-2.974121,0
6186.794,0.5687657,38.73246,1,4,-2.636124,0
6190.432,0.569315,38.7564,1,4,-2.489494,0
6194.078,0.5698646,38.78085,1,4,-2.408749,0
6199.683,0.5704146,38.80497,1,4,-2.453911,0
6204.415,0.5709649,38.82955,1,4,-2.654291,0
6211.308,0.5715156,38.85454,1,4,-2.574917,0
6216.039,0.5720666,38.88019,1,4,-2.490507,0
6219.198,0.5726181,38.90666,1,4,-2.512689,0
6224.499,0.5731698,38.93277,1,4,-2.276517,0
6225.499,0.573722,38.959,1,4,-2.067769,0
6228.765,0.5742745,38.98492,1,4,-1.539351,0
6233.381,0.5748274,39.01031,1,4,-1.08183,0
6233.484,0.5753807,39.03532,1,4,-0.8644708,0
6240.448,0.5759343,39.06046,1,4,-0.2123878,0
6248.354,0.5764884,39.08598,1,4,0.2658793,0
6248.475,0.5767655,39.09938,1,4,0.2781292,0
6256.492,0.5775976,39.14031,1,4,0.7202581,0
6259.852,0.5781528,39.16729,1,4,0.7174084,0
6263.409,0.5787084,39.19466,1,4,0.5448017,0
6267.48,0.5792645,39.22122,1,4,0.4873409,0
6268.247,0.5798208,39.24623,1,4,0.2417057,0
6271.056,0.5803775,39.26894,1,4,-0.04899567,0
6272.391,0.5809345,39.29152,1,4,-0.3628015,0
6277.59,0.5814918,39.31417,1,4,-0.4416788,0
6282.951,0.5820495,39.33656,1,4,-0.7832349,0
6285.76,0.5826074,39.35936,1,4,-1.235673,0
6288.128,0.5828866,39.37025,1,4,-1.174409,0
6291.344,0.583445,39.39093,1,4,-1.041582,0
6292.631,0.5842831,39.42054,1,4,-1.090508,0
6297.043,0.5848421,39.44021,1,4,-0.9752417,0
6303.377,0.5854014,39.46061,1,4,-0.7302014,0
6307.672,0.5859609,39.48218,1,4,-0.7425276,0
6310.661,0.5865208,39.50334,1,4,-0.6301413,0
6313.344,0.587081,39.52493,1,4,-0.5685307,0
6319.411,0.5876415,39.54607,1,4,-0.5416848,0
6321.804,0.5882023,39.56752,1,4,-0.4903975,0
6418.974,0.5887633,39.56951,1,4,-0.3392206,0
6432.61,0.5893241,39.53439,1,4,-0.3489971,0
6478.864,0.5898844,39.51928,1,4,-0.1692,0
6408.125,0.5904446,39.49687,1,4,-0.0001823558,0
6496.519,0.5910043,39.46195,1,4,-0.09488896,0
6384.266,0.5915634,39.42754,1,4,-0.05114226,0
6472.029,0.5921221,39.39447,1,4,-0.07587598,0
6401.573,0.5926805,39.36106,1,4,-0.1258648,0
6415.926,0.5932382,39.33608,1,4,0.03936982,0
6405.847,0.5937959,39.33269,1,4,0.0436501,0
6315.671,0.5943537,39.3567,1,4,0.09121115,0
6062.233,0.594912,39.41381,1,4,0.2383229,0
5872.722,0.5951915,39.45633,1,4,0.3105413,0
5062.983,0.5960324,39.64585,1,4,0.4980614,0
4672.28,0.5965956,39.78011,1,4,0.3760989,0
4838.023,0.5971596,39.78949,1,4,0.8901397,0
4763.586,0.5977241,39.85035,1,4,1.43636,0
4812.563,0.5982894,39.889,1,4,1.531179,0
4800.672,0.5988553,39.94092,1,4,1.665168,0
4811.431,0.5994219,39.98603,1,4,1.826268,0
4811.338,0.5999891,40.03215,1,4,2.04458,0
4821.648,0.6005569,40.07817,1,4,1.922669,0
4822.792,0.600841,40.10197,1,4,1.863177,0
4823.994,0.60141,40.14652,1,4,2.57696,0
4836.66,0.6022643,40.21146,1,4,1.312036,0
4831.723,0.6028348,40.25612,1,4,1.136266,0
4844.368,0.6034058,40.29557,1,4,1.848887,0
4849.741,0.6039774,40.34075,1,4,1.164968,0
4858.873,0.6045496,40.38626,1,4,1.661401,0
4859.202,0.6051225,40.43032,1,4,1.648179,0
4863.808,0.605696,40.47198,1,4,1.365375,0
4867.021,0.6062701,40.51293,1,4,1.482298,0
4872.012,0.6068448,40.55362,1,4,0.930401,0
4883.327,0.6074201,40.59455,1,4,0.8198261,0
4893.612,0.607996,40.63722,1,4,1.962302,0
4899.255,0.6085725,40.68296,1,4,1.131737,0
4904.349,0.6091498,40.7308,1,4,1.144367,0
4905.458,0.6097277,40.77848,1,4,1.172602,0
4906.539,0.6103063,40.82319,1,4,0.5279562,0
4911.52,0.6108855,40.86547,1,4,0.07309952,0
4915.219,0.6114653,40.90753,1,4,-0.4599814,0
4919.934,0.6120458,40.94932,1,4,-0.8324963,0
4925.84,0.6126268,40.99057,1,4,-0.797127,0
4932.792,0.6132084,41.03234,1,4,-1.016225,0
4940.063,0.6137906,41.07485,1,4,-1.01324,0
4950.015,0.6143733,41.11947,1,4,-1.17237,0
4953.069,0.6149567,41.16628,1,4,-1.354947,0
4952.351,0.6155408,41.21086,1,4,-1.230419,0
4957.748,0.6161255,41.25226,1,4,-1.231267,0
4962.354,0.6167107,41.29399,1,4,-1.103899,0
4968.232,0.6172966,41.33575,1,4,-1.29983,0
4972.845,0.617883,41.37711,1,4,-1.121056,0
4978.781,0.6184699,41.41864,1,4,-1.326414,0
4982.561,0.6190574,41.45996,1,4,-1.003966,0
4987.478,0.6196455,41.50034,1,4,-1.425433,0
4992.522,0.6202342,41.54026,1,4,-1.421891,0
4996.523,0.6208233,41.57922,1,4,-1.495524,0
4999.33,0.621413,41.61662,1,4,-0.4714574,0
5001.301,0.6220032,41.65191,1,4,-0.5515223,0
5015.726,0.6225939,41.68375,1,4,-2.416274,0
5043.06,0.623185,41.72081,1,4,-0.738723,0
5026.435,0.6237769,41.77809,1,4,-0.6575286,0
5026.109,0.6243694,41.81984,1,4,-1.021388,0
5028.851,0.6249624,41.85568,1,4,-1.31179,0
5036.732,0.625556,41.89424,1,4,-1.538472,0
5043.595,0.6261501,41.93493,0.9802372,4,-0.6788976,0
5045.045,0.6267449,41.97533,0.9130434,4,-0.700635,0
5051.011,0.6273401,42.01289,0.8221343,4,-0.4358332,0
5050.885,0.6279359,42.04851,0.7312252,4,-1.008026,0
5050.748,0.6285322,42.0753,0.6600791,4,-0.5870025,0
5049.278,0.6291287,42.09378,0.5889326,4,-0.7854871,0
5049.454,0.6297255,42.10596,0.5296443,4,-0.7885963,0
5049.796,0.630024,42.10998,0.5138339,4,-0.6456819,0
5048.216,0.6309194,42.11322,0.4505929,4,-0.8572874,0
5047.881,0.6315163,42.10919,0.4110671,4,-1.006775,0
5044.544,0.6321136,42.1015,0.3636363,4,-0.9162541,0.01165621
5042.586,0.6327108,42.08146,0.312253,4,-0.7693583,0.1165034
5113.056,0.6333071,41.96093,0.229249,4,-1.06568,0.3635917
5211.325,0.6339008,41.73951,0.2555556,4,-1.337931,0.3635917
5356.241,0.6344906,41.49814,0.3888889,4,-1.209309,0.4025443
5536.354,0.6350767,41.26312,0.5222223,4,-1.445281,0.4025444
5648.034,0.6353685,41.15287,0.5888891,4,-1.663637,0.4025444
5871.544,0.6359493,40.93236,0.6,4,-1.751979,0.4025444
6155.168,0.6368146,40.60141,0.6,4,-2.17545,0.5457512
6322.127,0.6373868,40.31731,0.5666666,4,-1.769152,1
6361.989,0.6379541,39.91687,0.4333333,4,-1.105717,1
6207.196,0.6385154,39.48948,0.3,4,-0.9451218,-8.940697E-08
6226.875,0.6390718,39.28771,0.1666666,4,-2.73635,1
6232.796,0.639349,39.14127,0.09999997,4,-0.6375313,1
5976.335,0.6401731,38.5893,0,4,-1.203104,-8.940697E-08
6095.093,0.640716,38.26519,0,4,-3.320764,0.8175012
5964.654,0.6412547,37.94101,0,4,-2.4041,0.5457512
5917.315,0.6417888,37.64618,0,4,-4.133328,0.4025443
5929.922,0.6423191,37.39918,0,4,-4.894486,0.3283459
5898.851,0.6428463,37.20774,0,4,-5.781177,0.2675966
5883.179,0.6433711,37.03897,0,4,-5.788169,0.1437995
5876.507,0.6436327,36.9751,0,4,-5.822236,0.06799378
5866.549,0.6444154,36.85426,0,4,-6.946343,0.006876939
5854.306,0.6449363,36.79937,0,4,-7.392085,0
5848.679,0.6454564,36.74705,0,4,-7.561469,0
5839.908,0.6459759,36.69466,0,4,-8.169817,0
5832.468,0.6464949,36.64192,0.04347819,4,-8.308987,0
5847.574,0.6470129,36.59301,0.2332016,4,-9.107578,0
5859.747,0.6475307,36.56679,0.458498,4,-9.558825,0
5884.383,0.6480483,36.56876,0.7154149,4,-10.31913,0
5894.191,0.6485664,36.59644,0.992095,4,-10.22115,0
5890.186,0.6490849,36.63521,1,4,-9.978211,0
5891.112,0.649604,36.67247,1,4,-10.33956,0
5893.891,0.6501237,36.70823,1,4,-11.05218,0
5899.634,0.6506439,36.74336,1,4,-11.26971,0
5903.564,0.6511647,36.77837,1,4,-10.5503,0
5906.448,0.651686,36.81379,1,4,-9.877938,0
5907.148,0.6522078,36.84924,1,4,-9.640571,0
5913.692,0.6527299,36.88426,1,4,-9.098597,0
5916.909,0.6529911,36.90186,0.9723321,4,-9.156212,0
5921.151,0.6537753,36.9502,0.7509881,4,-9.412956,0
5914.482,0.6542984,36.97263,0.6047431,4,-8.780972,0
5907.926,0.6548224,36.98026,0.486166,4,-9.886154,0
5898.473,0.6553473,36.97326,0.3596837,4,-10.54823,0
5896.825,0.655872,36.95305,0.29249,4,-10.19419,0
5887.168,0.6563948,36.9253,0.256917,4,-10.66962,0
5880.019,0.6569171,36.89286,0.2094861,4,-10.75598,0
5870.104,0.6574382,36.85497,0.1541501,4,-12.55352,0
5869.03,0.6579581,36.81236,0.1541501,4,-12.8554,0
5870.01,0.6584774,36.7692,0.2134387,4,-12.63395,0
5879.419,0.6589952,36.72945,0.3754941,4,-13.12251,0
5903.02,0.6595125,36.70586,0.6086957,4,-11.76871,0
5926.484,0.6600292,36.70988,0.9407115,4,-12.64093,0
5933.29,0.6605459,36.73265,1,4,-12.09065,0
5950.549,0.661063,36.75977,1,4,-10.92388,0
5948.344,0.6615802,36.79028,1,4,-11.7471,0
5959.085,0.6620978,36.82096,1,4,-10.5099,0
5953.535,0.6626158,36.85575,1,4,-11.5352,0
5961.555,0.6631342,36.88537,1,4,-11.85894,0
5966.808,0.6636531,36.91595,1,4,-12.38365,0
5964.827,0.6641725,36.94877,1,4,-13.2486,0
5966.157,0.6646925,36.97997,1,4,-13.80692,0
5963.273,0.6652131,37.012,1,4,-13.80232,0
5960.65,0.6657342,37.04137,1,4,-15.21976,0
5962.133,0.6662561,37.06715,1,4,-15.40485,0
5962.974,0.6667786,37.09713,1,4,-13.81696,0
5949.508,0.6673017,37.13065,1,4,-13.01848,0
5952.515,0.6678261,37.16395,1,4,-11.69203,0
5955.764,0.6683509,37.19709,1,4,-10.7761,0
5962.82,0.6688768,37.22537,1,4,-11.03948,0
5974.015,0.6694036,37.25681,1,4,-10.37375,0
5986.276,0.6699311,37.28671,1,4,-10.64237,0
6002.476,0.6704597,37.31204,1,4,-12.09523,0
6014.602,0.6709889,37.33603,1,4,-11.99583,0
6014.75,0.6715191,37.36196,1,4,-11.88087,0
6013.519,0.6720501,37.38778,1,4,-12.54283,0
6017.322,0.6725817,37.41189,1,4,-14.09673,0
6026.189,0.6731144,37.43307,1,4,-13.94854,0
6035.001,0.6736474,37.4549,1,4,-13.86456,0
6037.454,0.6741816,37.4769,1,4,-14.4569,0
6042.903,0.6747162,37.49712,1,4,-14.32719,0
6039.044,0.675251,37.5204,1,4,-13.85728,0
6033.392,0.6757858,37.5437,1,4,-13.35986,0
6033.217,0.6763211,37.56802,1,4,-11.95312,0
6030.798,0.676856,37.59478,1,4,-12.3397,0
6038.119,0.6773912,37.61796,1,4,-11.30876,0
6047.709,0.6779264,37.64375,1,4,-10.48517,0
6054.207,0.6784617,37.67017,1,4,-10.40497,0
6062.6,0.6789973,37.69517,1,4,-10.34867,0
6064.727,0.6795326,37.72194,1,4,-10.91935,0
6064.222,0.6800684,37.7473,1,4,-11.5677,0
6070.413,0.6806039,37.77214,1,4,-11.09573,0
6071.748,0.6811396,37.79852,1,4,-11.51534,0
6077.847,0.6816756,37.82337,1,4,-12.28442,0
6085.099,0.6822115,37.84787,1,4,-11.76864,0
6085.905,0.6827477,37.87297,1,4,-13.43503,0
6087.825,0.6832839,37.89698,1,4,-12.08115,0
6086.372,0.6838204,37.92265,1,4,-11.98207,0
6081.515,0.684357,37.94753,1,4,-12.1832,0
6086.481,0.684894,37.9694,1,4,-12.93634,0
6089.998,0.6854312,37.99387,1,4,-12.53287,0
6095.684,0.6859687,38.01669,1,4,-12.27875,0
6097.077,0.6865065,38.03859,1,4,-11.60641,0
6099.587,0.6870447,38.06025,1,4,-12.30059,0
6106.969,0.6875833,38.08085,1,4,-12.25022,0
6110.083,0.6881222,38.1015,1,4,-11.78746,0
6113.249,0.6886616,38.12153,1,4,-11.63995,0
6119.776,0.6892015,38.14061,1,4,-11.82672,0
6125.311,0.689742,38.15981,1,4,-12.0897,0
6130.018,0.6902828,38.1791,1,4,-11.42362,0
6130.641,0.6908246,38.19952,1,4,-11.15318,0
6132.9,0.6913667,38.21979,1,4,-11.04534,0
6137.092,0.6919097,38.24052,1,4,-11.33877,0
6141.89,0.6924535,38.26088,1,4,-11.35335,0
6147.746,0.6929979,38.28035,1,4,-10.99739,0
6148.873,0.6935436,38.3013,1,4,-10.67524,0
6149.208,0.6940895,38.32274,1,4,-10.58808,0
6151.551,0.6946362,38.34447,1,4,-10.05271,0
6154.747,0.6951831,38.36763,1,4,-10.00154,0
6159.882,0.6957296,38.39077,1,4,-9.634681,0
6165.563,0.6962758,38.41505,1,4,-8.718456,0
6165.134,0.6968224,38.44096,1,4,-8.832216,0
6169.094,0.6973693,38.46627,1,4,-7.982252,0
6172.807,0.6979166,38.49293,1,4,-8.665237,0
6181.098,0.6984642,38.5191,1,4,-9.226413,0
6189.655,0.6990121,38.54564,1,4,-9.171906,0
6299.233,0.6995603,38.5515,1,4,-9.028674,0
6489.718,0.7001082,38.51394,1,4,-8.798865,0
6377.305,0.7006556,38.49414,1,4,-9.361187,0
6464.614,0.7012026,38.47367,1,4,-7.99154,0
6396.642,0.7017493,38.44028,1,4,-8.282001,0
6441.023,0.7022954,38.40828,1,4,-10.18955,0
6459.747,0.702841,38.37968,1,4,-8.856727,0
6411.308,0.7033861,38.3462,1,4,-9.946472,0
6469.84,0.7039306,38.31863,1,4,-10.35067,0
6358.421,0.704475,38.31575,1,4,-9.676466,0
6323.406,0.7047471,38.32529,1,4,-9.267449,0
5972.462,0.7055644,38.40532,1,4,-6.037856,0
5531.971,0.7061105,38.50476,1,4,-4.78307,0
4942.904,0.7066584,38.64315,1,4,-3.38493,0
4584.708,0.7072086,38.7869,1,4,-1.65764,0
4710.527,0.7077599,38.81441,1,4,-1.562212,0
4654.583,0.708312,38.87597,1,4,-1.13267,0
4687.211,0.7088649,38.91861,1,4,-0.3568488,0
4680.955,0.7094187,38.97171,1,4,0.1197959,0
4696.542,0.7099731,39.02107,1,4,0.5680839,0
4696.763,0.7105284,39.07215,1,4,0.8389515,0
4704.6,0.7110845,39.12053,1,4,0.8943188,0
4709.328,0.7116415,39.17012,1,4,1.045281,0
4721.474,0.7121991,39.22076,1,4,1.141609,0
4718.843,0.7127576,39.27232,1,4,1.023476,0
4725.438,0.7133167,39.31842,1,4,1.10137,0
4732.977,0.7138767,39.36636,1,4,1.090558,0
4743.546,0.7144374,39.4161,1,4,1.079777,0
4746.905,0.7149988,39.46667,1,4,0.764123,0
4750.697,0.715561,39.51575,1,4,0.743921,0
4759.965,0.7161236,39.56424,1,4,0.3150796,0
4766.727,0.7166864,39.6152,1,4,0.1802366,0
4774.773,0.7172497,39.66716,1,4,0.1984308,0
4775.565,0.7178133,39.71851,1,4,0.2625961,0
4778.898,0.7183775,39.76601,1,4,-0.203126,0
4798.19,0.7189421,39.81159,1,4,-0.2755576,0
4810.719,0.7195075,39.8671,1,4,-1.104613,0
4805.292,0.7200735,39.92799,1,4,-1.126195,0
4804.998,0.7203568,39.95603,1,4,-0.4519721,0
4808.404,0.7212077,40.02882,1,4,-0.957823,0
4817.814,0.7217757,40.07776,1,4,-0.6872275,0
4823.996,0.7223443,40.12922,1,4,-1.089195,0
4834.233,0.7229134,40.18048,1,4,-0.7980682,0
4839.938,0.7234834,40.23298,1,4,-0.9363149,0
4846.922,0.724054,40.2851,1,4,-0.9801412,0
4851.854,0.7246252,40.33753,1,4,-0.7853131,0
4859.586,0.7251971,40.39038,1,4,-0.8866299,0
4865.489,0.7257697,40.44374,1,4,-0.9329028,0
4871.245,0.726343,40.49692,1,4,-0.9801247,0
4876.721,0.7269171,40.54996,1,4,-1.06972,0
4883.095,0.7274919,40.6032,1,4,-1.180938,0
4886.815,0.7280673,40.65509,1,4,-1.036772,0
4888.469,0.7286436,40.70398,1,4,-1.238196,0
4897.534,0.7292204,40.75212,1,4,-1.967696,0
4908.435,0.729798,40.80153,1,4,-1.998616,0
4919.796,0.7303762,40.85207,1,4,-2.069603,0
4928.9,0.7309553,40.90525,1,4,-2.670185,0
4937.438,0.731535,40.96083,1,4,-3.285265,0
4933.02,0.7321157,41.01742,1,4,-3.731695,0
4941.119,0.7326971,41.06903,1,4,-3.86156,0
4944.462,0.7332792,41.12161,1,4,-3.518345,0
4944.128,0.7338622,41.17044,1,4,-1.454344,0
4954.385,0.7344457,41.21325,1,4,-2.614968,0
4999.832,0.7350298,41.25616,1,4,-3.884388,0
4991.283,0.7356147,41.32291,1,4,-3.361016,0
4986.961,0.7362006,41.38821,1,4,-3.900133,0
4982.449,0.7367872,41.44299,1,4,-3.918405,0
4987.141,0.7373745,41.49203,1,4,-3.324058,0
4993.919,0.7379625,41.54393,1,4,-3.694517,0
5003.565,0.7385512,41.59657,1,4,-3.327863,0
5013.768,0.7391406,41.64987,1,4,-2.633275,0
5024.779,0.7397307,41.70439,1,4,-2.528102,0
5030.71,0.7403215,41.76073,1,4,-3.132515,0
5038.386,0.740913,41.81837,1,4,-2.438857,0
5035.636,0.7415053,41.87701,1,4,-2.813283,0
5044.813,0.7420984,41.93203,1,4,-1.853219,0
5046.106,0.7426922,41.98803,1,4,-1.123033,0
5056.355,0.7432868,42.04174,1,4,-0.9165198,0
5060.909,0.743882,42.09501,1,4,-0.02759364,0
5080.873,0.7444779,42.14407,1,4,0.4673652,0
5104.769,0.7450744,42.19981,1,4,0.3493204,0
5100.227,0.7456717,42.26456,1,4,1.151801,0
5108.681,0.7462698,42.32664,1,4,1.111853,0
5108.057,0.7468687,42.3909,1,4,1.43457,0
5111.761,0.7474685,42.45232,1,4,2.231789,0
5121.436,0.748069,42.51247,1,4,2.063009,0
5128.602,0.7486703,42.57394,1,4,2.563626,0
5136.535,0.7492725,42.63609,1,4,2.69033,0
5142.098,0.7498755,42.69939,1,4,2.681751,0
5146.273,0.7504793,42.76201,1,4,2.654715,0
5151.664,0.751084,42.82286,1,4,2.710635,0
5161.471,0.7516894,42.88346,1,4,2.323668,0
5170.516,0.7522956,42.94491,1,4,2.058806,0
5183.004,0.7529026,43.00728,1,4,1.956799,0
5192.285,0.7535104,43.07234,1,4,1.530358,0
5196.88,0.7541189,43.13825,1,4,1.589744,0
5205.583,0.7547282,43.2019,1,4,2.364898,0
5219.603,0.7553383,43.26793,1,4,1.910138,0
5217.142,0.7559493,43.3393,1,4,2.1033,0
5223.898,0.756561,43.40567,1,4,1.743134,0
5231.142,0.7571736,43.46958,1,4,1.781946,0
5248.287,0.7577869,43.53572,1,4,1.672733,0
5248.585,0.7584012,43.60904,1,4,1.316291,0
5249.779,0.7590164,43.67697,1,4,1.204541,0
5260.866,0.7596322,43.74037,1,4,0.5416687,0
5276.51,0.7602489,43.80686,1,4,0.3427362,0
5282.786,0.7608666,43.87934,1,4,0.6981679,0
5285.424,0.7614852,43.9511,1,4,0.3096014,0
5290.045,0.7621046,44.01874,1,4,0.2318422,0
5298.544,0.7627251,44.08493,1,4,-0.06449793,0
5306.345,0.7633464,44.15186,1,4,-0.336136,0
5316.755,0.7639688,44.21911,1,4,-0.3585753,0
5324.749,0.7645917,44.2869,1,4,-0.2267392,0
5333.976,0.7652151,44.35429,1,4,-0.584984,0
5343.628,0.7658391,44.42206,1,4,-0.5287211,0
5351.605,0.7664636,44.49043,1,4,-1.043513,0
5363.232,0.7670888,44.55921,1,4,-1.148236,0
5369.688,0.7677146,44.62958,1,4,-1.232059,0
5377.368,0.7683414,44.69944,1,4,-1.656975,0
5383.229,0.7689688,44.76884,1,4,-2.087126,0
5392.626,0.7695972,44.83777,1,4,-2.527353,0
5398.387,0.7702266,44.9069,1,4,-3.524587,0
5407.037,0.770857,44.97564,1,4,-3.715236,0
5410.973,0.7714887,45.04256,1,4,-3.84006,0
5418.085,0.7721213,45.10474,1,4,-3.882897,0
5422.987,0.7727552,45.16633,1,4,-4.332177,0
5431.372,0.7733901,45.22741,1,4,-4.874883,0
5441.068,0.7740263,45.28947,1,4,-5.732023,0
5450.138,0.7746636,45.35055,1,4,-7.069764,0
5458.231,0.7753024,45.41029,1,4,-8.662245,0
5465.011,0.7759422,45.46703,1,4,-10.43544,0
5472.645,0.7765835,45.5197,1,4,-10.95024,0
5476.943,0.7772259,45.56763,1,4,-13.85649,0
5486.829,0.7778696,45.61399,1,4,-13.37704,0
5485.532,0.7785144,45.65925,1,4,-14.51526,0
5499.783,0.7791606,45.69454,1,4,-15.9813,0
5500.121,0.7798076,45.73691,1,4,-16.44962,0
5506.228,0.7804561,45.77567,1,4,-17.15154,0
5514.413,0.7811054,45.80991,1,4,-17.2483,0
5520.433,0.7817559,45.8422,1,4,-17.76887,0
5527.086,0.7824072,45.87056,1,4,-18.43673,0
5531.877,0.7830594,45.89608,1,4,-19.3852,0
5536.078,0.7837124,45.92015,1,4,-19.85185,0
5536.052,0.7843662,45.94308,1,4,-19.31798,0
5534.943,0.7850206,45.96012,1,4,-18.34657,0
5535.109,0.785348,45.97157,1,4,-17.71578,0
5537.252,0.7863311,46.0093,1,4,-16.33663,0
5539.099,0.7869871,46.03855,1,4,-14.64529,0
5542.931,0.7876445,46.06844,1,4,-14.06511,0
5550.093,0.788303,46.09642,1,4,-13.33082,0
5550.458,0.7889621,46.12052,1,4,-12.72507,0
5555.93,0.7896215,46.14584,1,4,-13.20822,0
5558.629,0.7902809,46.17118,1,4,-12.88085,0
5561.317,0.7909404,46.19618,1,4,-12.64203,0
5566.547,0.7915997,46.21901,1,4,-13.32462,0
5570.492,0.792259,46.24262,1,4,-13.25218,0
5570.14,0.7929179,46.26511,1,4,-14.47861,0
5575.76,0.793577,46.2814,1,4,-14.17288,0
5574.556,0.7942355,46.29824,1,4,-13.27075,0
5577.771,0.794894,46.31364,1,4,-12.6353,0
5579.441,0.795552,46.33012,1,4,-13.01518,0
5586.805,0.7962101,46.34687,1,4,-12.15871,0
5590.873,0.7968675,46.36588,1,4,-11.34021,0
5600.271,0.797525,46.38099,1,4,-11.00111,0
5604.324,0.7981821,46.39985,1,4,-9.965164,0
5602.914,0.7988392,46.42039,1,4,-10.44617,0
5612.838,0.7994959,46.4378,1,4,-10.42898,0
5616.816,0.8001525,46.45688,1,4,-12.54849,0
5623.044,0.800809,46.4755,1,4,-12.93147,0
5612.261,0.8014655,46.4979,1,4,-11.27745,0
5610.154,0.802122,46.51383,1,4,-10.82072,0
5611.959,0.8027784,46.53101,1,4,-12.0683,0
5611.533,0.8034349,46.55079,1,4,-12.05158,0
5612.892,0.8040916,46.56862,1,4,-12.60815,0
5621.467,0.8047484,46.58395,1,4,-11.38424,0
5615.445,0.8054053,46.6018,1,4,-12.27544,0
5622.91,0.8060626,46.61423,1,4,-12.65365,0
5621.789,0.8067202,46.62707,1,4,-13.99241,0
5629.259,0.8073781,46.63465,1,4,-14.95865,0
5629.645,0.8080365,46.6423,1,4,-15.71339,0
5629.775,0.8086954,46.64565,1,4,-15.07341,0
5626.571,0.809355,46.65034,1,4,-13.72942,0
5622.434,0.8096849,46.6542,1,4,-13.1997,0
5630.18,0.8106752,46.66482,1,4,-10.87318,0
5639.036,0.8113353,46.67253,0.8932806,4,-10.51096,0
5633.25,0.8119944,46.68346,0.7430831,4,-10.20397,0
5621.46,0.8126528,46.69044,0.6166006,4,-9.604712,0
5625.126,0.8133103,46.68269,0.541502,4,-9.26439,0
5624.741,0.8139668,46.67192,0.5177864,4,-9.973235,0
5619.333,0.8146223,46.65591,0.4901186,4,-12.40273,0
5613.553,0.8152768,46.63401,0.4347826,4,-11.67538,0
5603.398,0.8159301,46.60696,0.4150198,4,-12.5915,0
5605.651,0.8165823,46.57378,0.4110672,4,-11.88297,0
5594.916,0.8172332,46.5454,0.3952569,4,-13.17605,0
5595.24,0.8178831,46.50372,0.3675889,4,-17.3821,0
5593.985,0.8185316,46.46468,0.3122529,4,-15.17614,0
5572.48,0.8191794,46.4194,0.2608695,4,-16.63666,0
5565.905,0.8198256,46.35317,0.2055336,4,-16.3693,0
5549.947,0.8204707,46.2871,0.1660078,4,-16.91421,0
5538.333,0.8211144,46.21578,0.1581027,4,-16.192,0
5528.877,0.8217567,46.14746,0.1422925,4,-15.27021,0
5524.764,0.8223979,46.08178,0.1225296,4,-15.2976,0
5520.447,0.8230379,46.01711,0.1027667,4,-15.54258,0
5513.012,0.8236769,45.95094,0.09486164,4,-15.45573,0
5506.054,0.8239958,45.91676,0.08300394,4,-15.44609,0
5487.583,0.8249514,45.80574,0.0592885,4,-16.16495,0
5478.445,0.8255869,45.72789,0.0592885,4,-15.19668,0
5466.256,0.8262215,45.65005,0.0592885,4,-13.99608,0
5459,0.8268549,45.57629,0.08300392,4,-11.87466,0
5464.772,0.8274876,45.5108,0.2213438,4,-12.29703,0
5503.014,0.8281195,45.4618,0.5889327,4,-12.64911,0
5522.561,0.8287512,45.44806,0.881423,4,-11.34255,0
5523.095,0.8293829,45.45441,1,4,-10.08275,0
5533.268,0.8300152,45.46273,1,4,-9.990163,0
5533.855,0.8306475,45.47132,0.9209485,4,-10.62506,0
5518.957,0.8312807,45.48151,0.652174,4,-10.47468,0
5469.581,0.8319139,45.48171,0.3359684,4,-10.19172,0
5443.805,0.8325479,45.44649,0.1106719,4,-9.503434,0
5428.274,0.8331811,45.39267,0,4,-9.307317,0
5418.731,0.8338143,45.33131,0,4,-10.19637,0
5415.771,0.8341306,45.30033,0,4,-10.08119,0
5409.27,0.8350776,45.2042,0,4,-10.64117,0
5400.806,0.8357074,45.13898,0,4,-10.3748,0
5392.872,0.8363364,45.07365,0,4,-11.26437,0
5385.726,0.8369643,45.00885,0,4,-11.36922,0
5378.057,0.8375914,44.94293,0,4,-11.35989,0
5370.374,0.8382174,44.87809,0.02766794,4,-11.23912,0
5383.127,0.8388426,44.81767,0.2213438,4,-10.8708,0
5405.356,0.839467,44.77624,0.4980237,4,-10.81348,0
5433.893,0.840091,44.76316,0.8577074,4,-10.99439,0
5437.952,0.8407151,44.7727,0.9960475,4,-9.705531,0
5444.436,0.8413393,44.78952,1,4,-9.499281,0
5448.903,0.8419638,44.80683,1,4,-9.696937,0
5451.139,0.8425884,44.82547,1,4,-10.16319,0
5452.191,0.8432133,44.8442,0.8498023,4,-9.561539,0
5430.568,0.8438386,44.86065,0.6166008,4,-9.114983,0
5405.743,0.8444639,44.85984,0.3873517,4,-9.773334,0
5387.055,0.8450893,44.8392,0.256917,4,-10.32317,0
5382.293,0.8457142,44.80239,0.2569169,4,-12.18136,0
5384.368,0.8463386,44.76379,0.3241106,4,-12.26518,0
5406.667,0.8469627,44.73547,0.6007904,4,-12.50725,0
5406.003,0.8475868,44.73708,0.8498024,4,-6.819353,0
5399.273,0.8482111,44.75727,0.9920948,4,-9.994045,0
5434.354,0.8488357,44.76965,0.9960474,4,-8.332385,0
5415.381,0.8494609,44.80503,0.9960474,4,-7.436328,0
5418.853,0.8500867,44.83472,0.9960474,4,-6.690249,0
5411.497,0.850713,44.85101,0.9683796,4,-5.4527,0
5439.619,0.8513397,44.87274,0.9525692,4,-6.658237,0
5444.12,0.851967,44.8964,0.9525692,4,-5.433759,0
5441.144,0.8525949,44.92399,0.9802371,4,-9.823808,0
5445.724,0.8532233,44.9432,0.9841897,4,-9.649673,0
5436.158,0.8538522,44.97084,0.9841897,4,-8.239388,0
5453.014,0.8544819,45.00206,0.9841897,4,-5.717066,0
5448.205,0.8551122,45.00304,0.9841897,4,-6.078774,0
5505.781,0.8557428,45.00687,0.9841897,4,-10.92064,0
5462.158,0.856374,45.05038,0.9841897,4,-4.12551,0
5442.745,0.8570062,45.07396,0.9604744,4,-5.233609,0
5499.988,0.8576387,45.05748,0.9525692,4,-3.959308,0
5512.198,0.8582715,45.08937,0.9486167,4,-4.442672,0
5509.735,0.8589048,45.12406,0.9249014,4,-3.59671,0
5529.932,0.8595378,45.11299,0.8458498,4,-2.238539,0
5660.63,0.8601706,45.08145,0.7865612,4,-5.590785,0
5649.148,0.8608037,45.12731,0.7430829,4,-1.875508,0
5553.61,0.8614377,45.19025,0.6996049,4,-4.325859,0
5638.802,0.8620722,45.18005,0.6521739,4,-6.121774,0
5549.673,0.8627068,45.23335,0.6442688,4,-8.588032,0
5502.522,0.8633426,45.27012,0.687747,4,-7.154306,0
5476.417,0.8639776,45.15718,0.806324,4,-7.781223,0
5522.292,0.8646122,45.15854,0.9011858,4,-10.96885,0
5493.896,0.8652472,45.19631,0.9841897,4,-4.471402,0
5483.52,0.8658828,45.21941,0.9881423,4,-5.947004,0
5539.603,0.8665185,45.20197,0.9881423,4,-2.638073,0
5574.341,0.8671544,45.22938,0.9881423,4,-6.275879,0
5571.653,0.8677908,45.26344,0.9644269,4,-3.812386,0
5558.887,0.8684279,45.26347,0.8379447,4,-4.073212,0
5672.751,0.8690646,45.24403,0.6363637,4,-7.119925,0
5556.276,0.869702,45.31146,0.5415019,4,-4.063761,0
5478.793,0.8706593,45.32436,0.4308301,4,-6.38928,0
5498.479,0.8712974,45.30597,0.375494,4,-10.13876,0
5440.016,0.8719355,45.30583,0.3636363,4,-6.420881,0
5432.602,0.8725729,45.22007,0.4861661,4,-6.913049,0
5463.532,0.8732097,45.19166,0.6442689,4,-5.182104,0
5493.939,0.8738465,45.2054,0.8379446,4,-7.428017,0
5488.318,0.8744839,45.24008,0.9841899,4,-3.959118,0
5479.575,0.8751217,45.2417,0.9920949,4,-2.749907,0
5598.688,0.8757594,45.23156,0.9920949,4,-2.892419,0
5524.139,0.8763978,45.29669,0.9920949,4,-0.956454,0
5464.226,0.8770374,45.35594,0.8814231,4,-1.162263,0
5561.145,0.8776773,45.33382,0.6996047,4,-0.3499879,0
5529.353,0.8783174,45.36545,0.4940712,4,0.3532519,0
5444.151,0.8789583,45.41443,0.4150197,4,1.355327,0
5440.66,0.8795996,45.3886,0.3833992,4,3.081964,0
5461.128,0.8802407,45.37653,0.3754941,4,4.602159,0
5450.942,0.8808821,45.378,0.4980236,4,3.312998,0
5452.192,0.8815237,45.35522,0.6837944,4,2.803506,0
5474.71,0.8821651,45.34998,0.8853755,4,1.377832,0
5446.12,0.882807,45.40053,0.9999999,4,2.010215,0
5451.888,0.8834499,45.42732,1,4,0.2242968,0
5459.82,0.8840932,45.42217,1,4,-1.321065,0
5580.203,0.8847367,45.40976,1,4,-5.588907,0
5490.995,0.885381,45.48655,0.8774704,4,-0.687611,0
5477.933,0.8860263,45.52556,0.6877471,4,-3.389014,0
5536.29,0.8866715,45.5019,0.5217392,4,-2.637131,0
5527.302,0.8873165,45.51051,0.4505929,4,-3.704165,0
5488.372,0.8879618,45.51913,0.4189723,4,-4.039476,0
5478.143,0.888607,45.49242,0.4110672,4,-6.757737,0
5535.745,0.8892516,45.46557,0.5098813,4,-11.09372,0
5499.624,0.8898964,45.50523,0.735178,4,-5.043261,0
5506.347,0.8905414,45.50813,0.9960474,4,-8.145315,0
5547.562,0.8911862,45.48834,1,4,-9.475842,0
5499.334,0.89183,45.44268,1,4,-10.15345,0
5482.278,0.8924732,45.37221,1,4,-8.515747,0
5501.917,0.8931155,45.34989,0.8221345,4,-1.985129,0
5557.831,0.8937575,45.34763,0.5849801,4,-5.090322,0
5558.473,0.8943996,45.36126,0.4229249,4,-6.123619,0
5544.74,0.8950417,45.34599,0.3675889,4,0.743618,0
5545.133,0.8956835,45.33105,0.3675889,4,-4.191152,0
5604.981,0.8963248,45.30193,0.4782608,4,-6.089643,0
5579.775,0.8969656,45.32774,0.6758895,4,-3.496114,0
5555.366,0.8976067,45.33593,0.9723321,4,-6.299288,0
5584.253,0.8982474,45.34709,1,4,-8.466626,0
5535.077,0.8988883,45.38329,1,4,-7.301767,0
5507.89,0.8995292,45.39625,1,4,-9.424015,0
5517.61,0.9001697,45.40606,0.9486167,4,-10.6165,0
5512.612,0.9008096,45.42825,0.8498024,4,-8.682845,0
5516.143,0.9014495,45.44892,0.8142294,4,-5.752043,0
5512.871,0.9020892,45.46602,0.9723321,4,-6.238143,0
5492.225,0.9027287,45.50626,0.9999999,4,-6.664351,0
5491.088,0.9033683,45.54399,1,4,-1.502493,0
5487.739,0.9040082,45.57668,1,4,1.024879,0
5487.274,0.9046484,45.60938,0.9130436,4,3.274727,0
5476.28,0.9052891,45.63153,0.6719367,4,5.650535,0
5482.879,0.90593,45.63397,0.5612648,4,6.475244,0
5481.946,0.9065713,45.63231,0.56917,4,7.394562,0
5498.771,0.9072127,45.63405,0.7786561,4,8.075697,0
5493.89,0.9078546,45.65695,0.9762845,4,6.98535,0
5494.851,0.9084971,45.68256,1,4,6.259412,0
5497.469,0.9091401,45.70622,1,4,5.497958,0
5497.825,0.9097834,45.73075,1,4,4.798976,0
5501.998,0.9104278,45.75458,1,4,4.207998,0
5507.905,0.9110727,45.7791,1,4,3.790591,0
5512.733,0.9117181,45.80477,1,4,3.389117,0
5518.426,0.9123641,45.83085,1,4,3.27138,0
5525.416,0.9130105,45.85983,1,4,3.722521,0
5523.684,0.9136576,45.89096,1,4,3.751602,0
5521.115,0.9143052,45.9185,1,4,4.516367,0
5526.073,0.9149534,45.94358,1,4,4.51856,0
5526.547,0.9156019,45.969,1,4,5.370761,0
5534.532,0.9162511,45.9922,1,4,6.711036,0
5539.022,0.9169009,46.01703,1,4,6.120837,0
5539.438,0.9175512,46.04089,1,4,7.000906,0
5546.916,0.9182021,46.0625,1,4,7.273918,0
5546.638,0.9188535,46.08543,1,4,7.224573,0
5552.257,0.9195054,46.10672,1,4,8.222396,0
5558.13,0.9201578,46.12938,1,4,7.436347,0
5555.552,0.9208108,46.1537,1,4,7.662305,0
5561.885,0.9214643,46.1754,1,4,7.456693,0
5558.599,0.9221182,46.20018,1,4,6.25088,0
5559.792,0.9227726,46.22277,1,4,5.931742,0
5565.174,0.9234274,46.24383,1,4,5.552082,0
5569.454,0.9240826,46.26906,1,4,5.156365,0
5572.417,0.9247383,46.29613,1,4,4.27641,0
5568.229,0.9253944,46.32249,1,4,4.181685,0
5575.439,0.9260508,46.34604,1,4,4.384247,0
5577.74,0.9267077,46.37143,1,4,4.573635,0
5580.326,0.927365,46.39628,1,4,4.387306,0
5580.72,0.9280227,46.42035,1,4,4.3524,0
5583.994,0.9286808,46.44329,1,4,4.21382,0
5585.737,0.9293392,46.46644,1,4,3.376556,0
5589.406,0.9299979,46.48959,1,4,3.410278,0
5596.001,0.9306571,46.51455,1,4,3.104361,0
5595.573,0.9313166,46.54076,1,4,3.258082,0
5598.409,0.9319764,46.56463,1,4,3.288306,0
5597.029,0.9326366,46.5874,1,4,3.371069,0
5600.294,0.9332973,46.60892,1,4,2.413583,0
5601.716,0.9339581,46.62989,1,4,2.620296,0
5612.5,0.9346192,46.65018,1,4,2.79278,0
5619.413,0.9352806,46.67587,1,4,2.604586,0
5616.261,0.9359425,46.70338,1,4,2.706057,0
5614.141,0.9366047,46.72611,1,4,2.095314,0
5618.588,0.9372672,46.74672,1,4,2.445492,0
5625.592,0.93793,46.76923,1,4,2.296904,0
5627.362,0.9385933,46.79463,1,4,2.444796,0
5629.5,0.9392567,46.81927,1,4,2.125469,0
5628.477,0.9399205,46.84204,1,4,1.774982,0
5631.39,0.9405847,46.86324,1,4,1.89497,0
5636.178,0.9412493,46.88556,1,4,1.952221,0
5639.303,0.9419142,46.90863,1,4,2.017881,0
5640.941,0.9425794,46.93166,1,4,1.683831,0
5643.547,0.9432449,46.9537,1,4,2.064485,0
5645.123,0.9439107,46.97502,1,4,1.811555,0
5645.746,0.9445766,46.99564,1,4,1.913241,0
5653.813,0.9452428,47.01603,1,4,1.708176,0
5655.387,0.9459094,47.03869,1,4,1.643034,0
5660.461,0.9465762,47.06143,1,4,1.443812,0
5658.23,0.9472432,47.08368,1,4,1.178852,0
5660.581,0.9479106,47.1032,1,4,1.066541,0
5670.252,0.9485781,47.12433,1,4,0.6488949,0
5672.372,0.949246,47.15056,1,4,0.725383,0
5667.32,0.9499143,47.17473,1,4,0.4399026,0
5669.358,0.9505827,47.19424,1,4,0.3709118,0
5672.624,0.9512516,47.21374,1,4,0.3167546,0
5676.614,0.9519206,47.23401,1,4,0.007854305,0
5676.361,0.9525899,47.25413,1,4,0.1037329,0
5679.605,0.9532595,47.27281,1,4,-0.1942302,0
5684.788,0.9539294,47.29163,1,4,0.1144217,0
5692.499,0.9545994,47.31108,1,4,0.02445312,0
5697.958,0.9552698,47.33517,1,4,-0.2745726,0
5695.532,0.9559405,47.3597,1,4,0.01575104,0
5691.171,0.9566116,47.38137,1,4,-0.3456464,0
5697.378,0.9572829,47.40082,1,4,-0.3040324,0
5697.59,0.9579544,47.42155,1,4,-0.2103667,0
5698.216,0.9586264,47.44016,1,4,0.09748098,0
5702.691,0.9592984,47.45785,1,4,0.09494093,0
5708.262,0.9599708,47.47738,1,4,0.1426452,0
5710.95,0.9606435,47.49858,1,4,0.1594168,0
5710.125,0.9613164,47.51866,1,4,-0.02143681,0
5713.04,0.9619896,47.53736,1,4,-0.01541767,0
5713.632,0.9626631,47.55597,1,4,-0.105922,0
5715.376,0.9633368,47.57376,1,4,-0.4739324,0
5721.965,0.9640108,47.59115,1,4,-0.7545127,0
5727.673,0.964685,47.61097,1,4,-1.346068,0
5733.688,0.9653596,47.6352,1,4,-2.351552,0
5724.215,0.9660345,47.66055,1,4,-2.05907,0
5722.873,0.9667098,47.67401,1,4,-1.66888,0
5726.129,0.9673852,47.68592,1,4,-2.868985,0
5739.713,0.9680609,47.70266,1,4,-3.361333,0
5740.546,0.968737,47.72648,1,4,-2.756557,0
5738.95,0.9694133,47.74767,1,4,-3.20379,0
5740.004,0.97009,47.76546,1,4,-3.343633,0
5741.462,0.9707671,47.78301,1,4,-3.882184,0
5744.293,0.9714444,47.80112,1,4,-4.242537,0
5745.396,0.972122,47.82011,1,4,-2.646189,0
5739.86,0.9727998,47.83439,1,4,-2.837612,0
5750.619,0.973478,47.84568,1,4,-2.010509,0
5754.366,0.9741563,47.86239,1,4,-1.476541,0
5762.907,0.9748349,47.88164,1,4,-1.658221,0
5762.327,0.9755138,47.90471,1,4,-1.166051,0
5757.085,0.976193,47.92598,1,4,-0.934549,0
5760.804,0.9768724,47.94373,1,4,-0.7404244,0
5758.343,0.9775522,47.96144,1,4,-0.8941256,0
5760.851,0.9782322,47.97703,1,4,-0.7355349,0
5758.806,0.9789124,47.99035,1,4,-0.6105192,0
5764.975,0.9795929,48.00261,1,4,-0.2567559,0
5773.031,0.9802734,48.01718,1,4,-0.149021,0
5778.068,0.9809543,48.03489,1,4,-0.02897635,0
5781.647,0.9816354,48.05472,1,4,-0.4655745,0
5778.46,0.9823168,48.07566,1,4,-0.5646125,0
5777.636,0.9829985,48.09345,1,4,-0.7185218,0
5776.439,0.9836803,48.1084,1,4,-0.6776763,0
5779.352,0.9843625,48.12039,1,4,-0.8871583,0
5793.943,0.9850447,48.1341,1,4,-0.3384376,0
5796.189,0.9857273,48.15783,1,4,-0.9710194,0
5791.574,0.9864102,48.18262,1,4,-0.6731764,0
5789.665,0.9870934,48.20163,1,4,-1.314506,0
5789.243,0.9877769,48.21555,1,4,-1.472625,0
5786.202,0.9884605,48.22356,1,4,-1.173913,0
5785.218,0.9891441,48.23236,1,4,-1.433577,0
5793.824,0.9898281,48.24178,1,4,-1.55443,0
5807.041,0.990512,48.25561,1,4,-1.629913,0
5810.748,0.9911963,48.27385,1,4,-1.628934,0
5810.204,0.9918809,48.29199,1,4,-1.808007,0
5810.935,0.9925656,48.30896,1,4,-2.151636,0
5812.396,0.9932507,48.32755,1,4,-2.090394,0
5808.445,0.993936,48.3465,1,4,-1.866439,0
5807.388,0.9946215,48.36071,1,4,-1.417355,0
5810.359,0.9953072,48.37475,1,4,-0.8896965,0
5812.491,0.9959932,48.38904,1,4,-1.000985,0
5813.82,0.9966794,48.40346,1,4,-0.8689134,0
5817.205,0.9973657,48.41762,1,4,-0.8381118,0
5815.88,0.9980522,48.43137,1,4,-0.9582607,0
5818.822,0.9987389,48.44328,1,4,-0.7714103,0
5826.199,0.9994259,48.45571,1,4,-0.5068108,0